1	1	H	1262322000000
2	1	E	1262408400000
3	1	E	1262494800000
4	1	D	1262581200000
5	2	D	1262667600000
6	3	D	1262754000000
7	4	D	1262840400000
8	5	D	1262926800000
9	6	E	1263013200000
10	6	E	1263099600000
11	6	D	1263186000000
12	7	D	1263272400000
13	8	D	1263358800000
14	9	D	1263445200000
15	10	D	1263531600000
16	11	E	1263618000000
17	11	E	1263704400000
18	11	D	1263790800000
19	12	D	1263877200000
20	13	D	1263963600000
21	14	D	1264050000000
22	15	D	1264136400000
23	16	E	1264222800000
24	16	E	1264309200000
25	16	D	1264395600000
26	17	D	1264482000000
27	18	D	1264568400000
28	19	D	1264654800000
29	20	D	1264741200000
30	21	E	1264827600000
31	21	E	1264914000000
32	21	D	1265000400000
33	22	D	1265086800000
34	23	D	1265173200000
35	24	D	1265259600000
36	25	D	1265346000000
37	26	E	1265432400000
38	26	E	1265518800000
39	26	D	1265605200000
40	27	D	1265691600000
41	28	D	1265778000000
42	29	D	1265864400000
43	30	D	1265950800000
44	31	E	1266037200000
45	31	E	1266123600000
46	31	H	1266210000000
47	31	D	1266296400000
48	32	D	1266382800000
49	33	D	1266469200000
50	34	D	1266555600000
51	35	E	1266642000000
52	35	E	1266728400000
53	35	D	1266814800000
54	36	D	1266901200000
55	37	D	1266987600000
56	38	D	1267074000000
57	39	D	1267160400000
58	40	E	1267246800000
59	40	E	1267333200000
60	40	D	1267419600000
61	41	D	1267506000000
62	42	D	1267592400000
63	43	D	1267678800000
64	44	D	1267765200000
65	45	E	1267851600000
66	45	E	1267938000000
67	45	D	1268024400000
68	46	D	1268110800000
69	47	D	1268197200000
70	48	D	1268283600000
71	49	D	1268370000000
72	50	E	1268456400000
73	50	E	1268542800000
74	50	D	1268625600000
75	51	D	1268712000000
76	52	D	1268798400000
77	53	D	1268884800000
78	54	D	1268971200000
79	55	E	1269057600000
80	55	E	1269144000000
81	55	D	1269230400000
82	56	D	1269316800000
83	57	D	1269403200000
84	58	D	1269489600000
85	59	D	1269576000000
86	60	E	1269662400000
87	60	E	1269748800000
88	60	D	1269835200000
89	61	D	1269921600000
90	62	D	1270008000000
91	63	D	1270094400000
92	64	H	1270180800000
93	64	E	1270267200000
94	64	E	1270353600000
95	64	H	1270440000000
96	64	D	1270526400000
97	65	D	1270612800000
98	66	D	1270699200000
99	67	D	1270785600000
100	68	E	1270872000000
101	68	E	1270958400000
102	68	D	1271044800000
103	69	D	1271131200000
104	70	D	1271217600000
105	71	D	1271304000000
106	72	D	1271390400000
107	73	E	1271476800000
108	73	E	1271563200000
109	73	D	1271649600000
110	74	D	1271736000000
111	75	D	1271822400000
112	76	D	1271908800000
113	77	D	1271995200000
114	78	E	1272081600000
115	78	E	1272168000000
116	78	D	1272254400000
117	79	D	1272340800000
118	80	D	1272427200000
119	81	D	1272513600000
120	82	D	1272600000000
121	83	E	1272686400000
122	83	E	1272772800000
123	83	D	1272859200000
124	84	D	1272945600000
125	85	D	1273032000000
126	86	D	1273118400000
127	87	D	1273204800000
128	88	E	1273291200000
129	88	E	1273377600000
130	88	D	1273464000000
131	89	D	1273550400000
132	90	D	1273636800000
133	91	D	1273723200000
134	92	D	1273809600000
135	93	E	1273896000000
136	93	E	1273982400000
137	93	D	1274068800000
138	94	D	1274155200000
139	95	D	1274241600000
140	96	D	1274328000000
141	97	D	1274414400000
142	98	E	1274500800000
143	98	E	1274587200000
144	98	H	1274673600000
145	98	D	1274760000000
146	99	D	1274846400000
147	100	D	1274932800000
148	101	D	1275019200000
149	102	E	1275105600000
150	102	E	1275192000000
151	102	D	1275278400000
152	103	D	1275364800000
153	104	D	1275451200000
154	105	D	1275537600000
155	106	D	1275624000000
156	107	E	1275710400000
157	107	E	1275796800000
158	107	D	1275883200000
159	108	D	1275969600000
160	109	D	1276056000000
161	110	D	1276142400000
162	111	D	1276228800000
163	112	E	1276315200000
164	112	E	1276401600000
165	112	D	1276488000000
166	113	D	1276574400000
167	114	D	1276660800000
168	115	D	1276747200000
169	116	D	1276833600000
170	117	E	1276920000000
171	117	E	1277006400000
172	117	D	1277092800000
173	118	D	1277179200000
174	119	D	1277265600000
175	120	D	1277352000000
176	121	D	1277438400000
177	122	E	1277524800000
178	122	E	1277611200000
179	122	D	1277697600000
180	123	D	1277784000000
181	124	D	1277870400000
182	125	H	1277956800000
183	125	D	1278043200000
184	126	E	1278129600000
185	126	E	1278216000000
186	126	D	1278302400000
187	127	D	1278388800000
188	128	D	1278475200000
189	129	D	1278561600000
190	130	D	1278648000000
191	131	E	1278734400000
192	131	E	1278820800000
193	131	D	1278907200000
194	132	D	1278993600000
195	133	D	1279080000000
196	134	D	1279166400000
197	135	D	1279252800000
198	136	E	1279339200000
199	136	E	1279425600000
200	136	D	1279512000000
201	137	D	1279598400000
202	138	D	1279684800000
203	139	D	1279771200000
204	140	D	1279857600000
205	141	E	1279944000000
206	141	E	1280030400000
207	141	D	1280116800000
208	142	D	1280203200000
209	143	D	1280289600000
210	144	D	1280376000000
211	145	D	1280462400000
212	146	E	1280548800000
213	146	E	1280635200000
214	146	H	1280721600000
215	146	D	1280808000000
216	147	D	1280894400000
217	148	D	1280980800000
218	149	D	1281067200000
219	150	E	1281153600000
220	150	E	1281240000000
221	150	D	1281326400000
222	151	D	1281412800000
223	152	D	1281499200000
224	153	D	1281585600000
225	154	D	1281672000000
226	155	E	1281758400000
227	155	E	1281844800000
228	155	D	1281931200000
229	156	D	1282017600000
230	157	D	1282104000000
231	158	D	1282190400000
232	159	D	1282276800000
233	160	E	1282363200000
234	160	E	1282449600000
235	160	D	1282536000000
236	161	D	1282622400000
237	162	D	1282708800000
238	163	D	1282795200000
239	164	D	1282881600000
240	165	E	1282968000000
241	165	E	1283054400000
242	165	D	1283140800000
243	166	D	1283227200000
244	167	D	1283313600000
245	168	D	1283400000000
246	169	D	1283486400000
247	170	E	1283572800000
248	170	E	1283659200000
249	170	H	1283745600000
250	170	D	1283832000000
251	171	D	1283918400000
252	172	D	1284004800000
253	173	D	1284091200000
254	174	E	1284177600000
255	174	E	1284264000000
256	174	D	1284350400000
257	175	D	1284436800000
258	176	D	1284523200000
259	177	D	1284609600000
260	178	D	1284696000000
261	179	E	1284782400000
262	179	E	1284868800000
263	179	D	1284955200000
264	180	D	1285041600000
265	181	D	1285128000000
266	182	D	1285214400000
267	183	D	1285300800000
268	184	E	1285387200000
269	184	E	1285473600000
270	184	D	1285560000000
271	185	D	1285646400000
272	186	D	1285732800000
273	187	D	1285819200000
274	188	D	1285905600000
275	189	E	1285992000000
276	189	E	1286078400000
277	189	D	1286164800000
278	190	D	1286251200000
279	191	D	1286337600000
280	192	D	1286424000000
281	193	D	1286510400000
282	194	E	1286596800000
283	194	E	1286683200000
284	194	H	1286769600000
285	194	D	1286856000000
286	195	D	1286942400000
287	196	D	1287028800000
288	197	D	1287115200000
289	198	E	1287201600000
290	198	E	1287288000000
291	198	D	1287374400000
292	199	D	1287460800000
293	200	D	1287547200000
294	201	D	1287633600000
295	202	D	1287720000000
296	203	E	1287806400000
297	203	E	1287892800000
298	203	D	1287979200000
299	204	D	1288065600000
300	205	D	1288152000000
301	206	D	1288238400000
302	207	D	1288324800000
303	208	E	1288411200000
304	208	E	1288497600000
305	208	D	1288584000000
306	209	D	1288670400000
307	210	D	1288756800000
308	211	D	1288843200000
309	212	D	1288929600000
310	213	E	1289016000000
311	213	E	1289102400000
312	213	D	1289192400000
313	214	D	1289278800000
314	215	D	1289365200000
315	216	H	1289451600000
316	216	D	1289538000000
317	217	E	1289624400000
318	217	E	1289710800000
319	217	D	1289797200000
320	218	D	1289883600000
321	219	D	1289970000000
322	220	D	1290056400000
323	221	D	1290142800000
324	222	E	1290229200000
325	222	E	1290315600000
326	222	D	1290402000000
327	223	D	1290488400000
328	224	D	1290574800000
329	225	D	1290661200000
330	226	D	1290747600000
331	227	E	1290834000000
332	227	E	1290920400000
333	227	D	1291006800000
334	228	D	1291093200000
335	229	D	1291179600000
336	230	D	1291266000000
337	231	D	1291352400000
338	232	E	1291438800000
339	232	E	1291525200000
340	232	D	1291611600000
341	233	D	1291698000000
342	234	D	1291784400000
343	235	D	1291870800000
344	236	D	1291957200000
345	237	E	1292043600000
346	237	E	1292130000000
347	237	D	1292216400000
348	238	D	1292302800000
349	239	D	1292389200000
350	240	D	1292475600000
351	241	D	1292562000000
352	242	E	1292648400000
353	242	E	1292734800000
354	242	D	1292821200000
355	243	D	1292907600000
356	244	D	1292994000000
357	245	D	1293080400000
358	246	D	1293166800000
359	247	E	1293253200000
360	247	E	1293339600000
361	247	H	1293426000000
362	247	H	1293512400000
363	247	D	1293598800000
364	248	D	1293685200000
365	249	D	1293771600000
366	250	E	1293858000000
367	250	E	1293944400000
368	250	H	1294030800000
369	250	D	1294117200000
370	251	D	1294203600000
371	252	D	1294290000000
372	253	D	1294376400000
373	254	E	1294462800000
374	254	E	1294549200000
375	254	D	1294635600000
376	255	D	1294722000000
377	256	D	1294808400000
378	257	D	1294894800000
379	258	D	1294981200000
380	259	E	1295067600000
381	259	E	1295154000000
382	259	D	1295240400000
383	260	D	1295326800000
384	261	D	1295413200000
385	262	D	1295499600000
386	263	D	1295586000000
387	264	E	1295672400000
388	264	E	1295758800000
389	264	D	1295845200000
390	265	D	1295931600000
391	266	D	1296018000000
392	267	D	1296104400000
393	268	D	1296190800000
394	269	E	1296277200000
395	269	E	1296363600000
396	269	D	1296450000000
397	270	D	1296536400000
398	271	D	1296622800000
399	272	D	1296709200000
400	273	D	1296795600000
401	274	E	1296882000000
402	274	E	1296968400000
403	274	D	1297054800000
404	275	D	1297141200000
405	276	D	1297227600000
406	277	D	1297314000000
407	278	D	1297400400000
408	279	E	1297486800000
409	279	E	1297573200000
410	279	D	1297659600000
411	280	D	1297746000000
412	281	D	1297832400000
413	282	D	1297918800000
414	283	D	1298005200000
415	284	E	1298091600000
416	284	E	1298178000000
417	284	H	1298264400000
418	284	D	1298350800000
419	285	D	1298437200000
420	286	D	1298523600000
421	287	D	1298610000000
422	288	E	1298696400000
423	288	E	1298782800000
424	288	D	1298869200000
425	289	D	1298955600000
426	290	D	1299042000000
427	291	D	1299128400000
428	292	D	1299214800000
429	293	E	1299301200000
430	293	E	1299387600000
431	293	D	1299474000000
432	294	D	1299560400000
433	295	D	1299646800000
434	296	D	1299733200000
435	297	D	1299819600000
436	298	E	1299906000000
437	298	E	1299992400000
438	298	D	1300075200000
439	299	D	1300161600000
440	300	D	1300248000000
441	301	D	1300334400000
442	302	D	1300420800000
443	303	E	1300507200000
444	303	E	1300593600000
445	303	D	1300680000000
446	304	D	1300766400000
447	305	D	1300852800000
448	306	D	1300939200000
449	307	D	1301025600000
450	308	E	1301112000000
451	308	E	1301198400000
452	308	D	1301284800000
453	309	D	1301371200000
454	310	D	1301457600000
455	311	D	1301544000000
456	312	D	1301630400000
457	313	E	1301716800000
458	313	E	1301803200000
459	313	D	1301889600000
460	314	D	1301976000000
461	315	D	1302062400000
462	316	D	1302148800000
463	317	D	1302235200000
464	318	E	1302321600000
465	318	E	1302408000000
466	318	D	1302494400000
467	319	D	1302580800000
468	320	D	1302667200000
469	321	D	1302753600000
470	322	D	1302840000000
471	323	E	1302926400000
472	323	E	1303012800000
473	323	D	1303099200000
474	324	D	1303185600000
475	325	D	1303272000000
476	326	D	1303358400000
477	327	H	1303444800000
478	327	E	1303531200000
479	327	E	1303617600000
480	327	H	1303704000000
481	327	D	1303790400000
482	328	D	1303876800000
483	329	D	1303963200000
484	330	D	1304049600000
485	331	E	1304136000000
486	331	E	1304222400000
487	331	D	1304308800000
488	332	D	1304395200000
489	333	D	1304481600000
490	334	D	1304568000000
491	335	D	1304654400000
492	336	E	1304740800000
493	336	E	1304827200000
494	336	D	1304913600000
495	337	D	1305000000000
496	338	D	1305086400000
497	339	D	1305172800000
498	340	D	1305259200000
499	341	E	1305345600000
500	341	E	1305432000000
501	341	D	1305518400000
502	342	D	1305604800000
503	343	D	1305691200000
504	344	D	1305777600000
505	345	D	1305864000000
506	346	E	1305950400000
507	346	E	1306036800000
508	346	H	1306123200000
509	346	D	1306209600000
510	347	D	1306296000000
511	348	D	1306382400000
512	349	D	1306468800000
513	350	E	1306555200000
514	350	E	1306641600000
515	350	D	1306728000000
516	351	D	1306814400000
517	352	D	1306900800000
518	353	D	1306987200000
519	354	D	1307073600000
520	355	E	1307160000000
521	355	E	1307246400000
522	355	D	1307332800000
523	356	D	1307419200000
524	357	D	1307505600000
525	358	D	1307592000000
526	359	D	1307678400000
527	360	E	1307764800000
528	360	E	1307851200000
529	360	D	1307937600000
530	361	D	1308024000000
531	362	D	1308110400000
532	363	D	1308196800000
533	364	D	1308283200000
534	365	E	1308369600000
535	365	E	1308456000000
536	365	D	1308542400000
537	366	D	1308628800000
538	367	D	1308715200000
539	368	D	1308801600000
540	369	D	1308888000000
541	370	E	1308974400000
542	370	E	1309060800000
543	370	D	1309147200000
544	371	D	1309233600000
545	372	D	1309320000000
546	373	D	1309406400000
547	374	H	1309492800000
548	374	E	1309579200000
549	374	E	1309665600000
550	374	D	1309752000000
551	375	D	1309838400000
552	376	D	1309924800000
553	377	D	1310011200000
554	378	D	1310097600000
555	379	E	1310184000000
556	379	E	1310270400000
557	379	D	1310356800000
558	380	D	1310443200000
559	381	D	1310529600000
560	382	D	1310616000000
561	383	D	1310702400000
562	384	E	1310788800000
563	384	E	1310875200000
564	384	D	1310961600000
565	385	D	1311048000000
566	386	D	1311134400000
567	387	D	1311220800000
568	388	D	1311307200000
569	389	E	1311393600000
570	389	E	1311480000000
571	389	D	1311566400000
572	390	D	1311652800000
573	391	D	1311739200000
574	392	D	1311825600000
575	393	D	1311912000000
576	394	E	1311998400000
577	394	E	1312084800000
578	394	H	1312171200000
579	394	D	1312257600000
580	395	D	1312344000000
581	396	D	1312430400000
582	397	D	1312516800000
583	398	E	1312603200000
584	398	E	1312689600000
585	398	D	1312776000000
586	399	D	1312862400000
587	400	D	1312948800000
588	401	D	1313035200000
589	402	D	1313121600000
590	403	E	1313208000000
591	403	E	1313294400000
592	403	D	1313380800000
593	404	D	1313467200000
594	405	D	1313553600000
595	406	D	1313640000000
596	407	D	1313726400000
597	408	E	1313812800000
598	408	E	1313899200000
599	408	D	1313985600000
600	409	D	1314072000000
601	410	D	1314158400000
602	411	D	1314244800000
603	412	D	1314331200000
604	413	E	1314417600000
605	413	E	1314504000000
606	413	D	1314590400000
607	414	D	1314676800000
608	415	D	1314763200000
609	416	D	1314849600000
610	417	D	1314936000000
611	418	E	1315022400000
612	418	E	1315108800000
613	418	H	1315195200000
614	418	D	1315281600000
615	419	D	1315368000000
616	420	D	1315454400000
617	421	D	1315540800000
618	422	E	1315627200000
619	422	E	1315713600000
620	422	D	1315800000000
621	423	D	1315886400000
622	424	D	1315972800000
623	425	D	1316059200000
624	426	D	1316145600000
625	427	E	1316232000000
626	427	E	1316318400000
627	427	D	1316404800000
628	428	D	1316491200000
629	429	D	1316577600000
630	430	D	1316664000000
631	431	D	1316750400000
632	432	E	1316836800000
633	432	E	1316923200000
634	432	D	1317009600000
635	433	D	1317096000000
636	434	D	1317182400000
637	435	D	1317268800000
638	436	D	1317355200000
639	437	E	1317441600000
640	437	E	1317528000000
641	437	D	1317614400000
642	438	D	1317700800000
643	439	D	1317787200000
644	440	D	1317873600000
645	441	D	1317960000000
646	442	E	1318046400000
647	442	E	1318132800000
648	442	H	1318219200000
649	442	D	1318305600000
650	443	D	1318392000000
651	444	D	1318478400000
652	445	D	1318564800000
653	446	E	1318651200000
654	446	E	1318737600000
655	446	D	1318824000000
656	447	D	1318910400000
657	448	D	1318996800000
658	449	D	1319083200000
659	450	D	1319169600000
660	451	E	1319256000000
661	451	E	1319342400000
662	451	D	1319428800000
663	452	D	1319515200000
664	453	D	1319601600000
665	454	D	1319688000000
666	455	D	1319774400000
667	456	E	1319860800000
668	456	E	1319947200000
669	456	D	1320033600000
670	457	D	1320120000000
671	458	D	1320206400000
672	459	D	1320292800000
673	460	D	1320379200000
674	461	E	1320465600000
675	461	E	1320552000000
676	461	D	1320642000000
677	462	D	1320728400000
678	463	D	1320814800000
679	464	D	1320901200000
680	465	H	1320987600000
681	465	E	1321074000000
682	465	E	1321160400000
683	465	D	1321246800000
684	466	D	1321333200000
685	467	D	1321419600000
686	468	D	1321506000000
687	469	D	1321592400000
688	470	E	1321678800000
689	470	E	1321765200000
690	470	D	1321851600000
691	471	D	1321938000000
692	472	D	1322024400000
693	473	D	1322110800000
694	474	D	1322197200000
695	475	E	1322283600000
696	475	E	1322370000000
697	475	D	1322456400000
698	476	D	1322542800000
699	477	D	1322629200000
700	478	D	1322715600000
701	479	D	1322802000000
702	480	E	1322888400000
703	480	E	1322974800000
704	480	D	1323061200000
705	481	D	1323147600000
706	482	D	1323234000000
707	483	D	1323320400000
708	484	D	1323406800000
709	485	E	1323493200000
710	485	E	1323579600000
711	485	D	1323666000000
712	486	D	1323752400000
713	487	D	1323838800000
714	488	D	1323925200000
715	489	D	1324011600000
716	490	E	1324098000000
717	490	E	1324184400000
718	490	D	1324270800000
719	491	D	1324357200000
720	492	D	1324443600000
721	493	D	1324530000000
722	494	D	1324616400000
723	495	E	1324702800000
724	495	E	1324789200000
725	495	H	1324875600000
726	495	H	1324962000000
727	495	D	1325048400000
728	496	D	1325134800000
729	497	D	1325221200000
730	498	E	1325307600000
731	498	E	1325394000000
732	498	H	1325480400000
733	498	D	1325566800000
734	499	D	1325653200000
735	500	D	1325739600000
736	501	D	1325826000000
737	502	E	1325912400000
738	502	E	1325998800000
739	502	D	1326085200000
740	503	D	1326171600000
741	504	D	1326258000000
742	505	D	1326344400000
743	506	D	1326430800000
744	507	E	1326517200000
745	507	E	1326603600000
746	507	D	1326690000000
747	508	D	1326776400000
748	509	D	1326862800000
749	510	D	1326949200000
750	511	D	1327035600000
751	512	E	1327122000000
752	512	E	1327208400000
753	512	D	1327294800000
754	513	D	1327381200000
755	514	D	1327467600000
756	515	D	1327554000000
757	516	D	1327640400000
758	517	E	1327726800000
759	517	E	1327813200000
760	517	D	1327899600000
761	518	D	1327986000000
762	519	D	1328072400000
763	520	D	1328158800000
764	521	D	1328245200000
765	522	E	1328331600000
766	522	E	1328418000000
767	522	D	1328504400000
768	523	D	1328590800000
769	524	D	1328677200000
770	525	D	1328763600000
771	526	D	1328850000000
772	527	E	1328936400000
773	527	E	1329022800000
774	527	D	1329109200000
775	528	D	1329195600000
776	529	D	1329282000000
777	530	D	1329368400000
778	531	D	1329454800000
779	532	E	1329541200000
780	532	E	1329627600000
781	532	H	1329714000000
782	532	D	1329800400000
783	533	D	1329886800000
784	534	D	1329973200000
785	535	D	1330059600000
786	536	E	1330146000000
787	536	E	1330232400000
788	536	D	1330318800000
789	537	D	1330405200000
790	538	D	1330491600000
791	539	D	1330578000000
792	540	D	1330664400000
793	541	E	1330750800000
794	541	E	1330837200000
795	541	D	1330923600000
796	542	D	1331010000000
797	543	D	1331096400000
798	544	D	1331182800000
799	545	D	1331269200000
800	546	E	1331355600000
801	546	E	1331442000000
802	546	D	1331524800000
803	547	D	1331611200000
804	548	D	1331697600000
805	549	D	1331784000000
806	550	D	1331870400000
807	551	E	1331956800000
808	551	E	1332043200000
809	551	D	1332129600000
810	552	D	1332216000000
811	553	D	1332302400000
812	554	D	1332388800000
813	555	D	1332475200000
814	556	E	1332561600000
815	556	E	1332648000000
816	556	D	1332734400000
817	557	D	1332820800000
818	558	D	1332907200000
819	559	D	1332993600000
820	560	D	1333080000000
821	561	E	1333166400000
822	561	E	1333252800000
823	561	D	1333339200000
824	562	D	1333425600000
825	563	D	1333512000000
826	564	D	1333598400000
827	565	H	1333684800000
828	565	E	1333771200000
829	565	E	1333857600000
830	565	H	1333944000000
831	565	D	1334030400000
832	566	D	1334116800000
833	567	D	1334203200000
834	568	D	1334289600000
835	569	E	1334376000000
836	569	E	1334462400000
837	569	D	1334548800000
838	570	D	1334635200000
839	571	D	1334721600000
840	572	D	1334808000000
841	573	D	1334894400000
842	574	E	1334980800000
843	574	E	1335067200000
844	574	D	1335153600000
845	575	D	1335240000000
846	576	D	1335326400000
847	577	D	1335412800000
848	578	D	1335499200000
849	579	E	1335585600000
850	579	E	1335672000000
851	579	D	1335758400000
852	580	D	1335844800000
853	581	D	1335931200000
854	582	D	1336017600000
855	583	D	1336104000000
856	584	E	1336190400000
857	584	E	1336276800000
858	584	D	1336363200000
859	585	D	1336449600000
860	586	D	1336536000000
861	587	D	1336622400000
862	588	D	1336708800000
863	589	E	1336795200000
864	589	E	1336881600000
865	589	D	1336968000000
866	590	D	1337054400000
867	591	D	1337140800000
868	592	D	1337227200000
869	593	D	1337313600000
870	594	E	1337400000000
871	594	E	1337486400000
872	594	H	1337572800000
873	594	D	1337659200000
874	595	D	1337745600000
875	596	D	1337832000000
876	597	D	1337918400000
877	598	E	1338004800000
878	598	E	1338091200000
879	598	D	1338177600000
880	599	D	1338264000000
881	600	D	1338350400000
882	601	D	1338436800000
883	602	D	1338523200000
884	603	E	1338609600000
885	603	E	1338696000000
886	603	D	1338782400000
887	604	D	1338868800000
888	605	D	1338955200000
889	606	D	1339041600000
890	607	D	1339128000000
891	608	E	1339214400000
892	608	E	1339300800000
893	608	D	1339387200000
894	609	D	1339473600000
895	610	D	1339560000000
896	611	D	1339646400000
897	612	D	1339732800000
898	613	E	1339819200000
899	613	E	1339905600000
900	613	D	1339992000000
901	614	D	1340078400000
902	615	D	1340164800000
903	616	D	1340251200000
904	617	D	1340337600000
905	618	E	1340424000000
906	618	E	1340510400000
907	618	D	1340596800000
908	619	D	1340683200000
909	620	D	1340769600000
910	621	D	1340856000000
911	622	D	1340942400000
912	623	E	1341028800000
913	623	E	1341115200000
914	623	H	1341201600000
915	623	D	1341288000000
916	624	D	1341374400000
917	625	D	1341460800000
918	626	D	1341547200000
919	627	E	1341633600000
920	627	E	1341720000000
921	627	D	1341806400000
922	628	D	1341892800000
923	629	D	1341979200000
924	630	D	1342065600000
925	631	D	1342152000000
926	632	E	1342238400000
927	632	E	1342324800000
928	632	D	1342411200000
929	633	D	1342497600000
930	634	D	1342584000000
931	635	D	1342670400000
932	636	D	1342756800000
933	637	E	1342843200000
934	637	E	1342929600000
935	637	D	1343016000000
936	638	D	1343102400000
937	639	D	1343188800000
938	640	D	1343275200000
939	641	D	1343361600000
940	642	E	1343448000000
941	642	E	1343534400000
942	642	D	1343620800000
943	643	D	1343707200000
944	644	D	1343793600000
945	645	D	1343880000000
946	646	D	1343966400000
947	647	E	1344052800000
948	647	E	1344139200000
949	647	H	1344225600000
950	647	D	1344312000000
951	648	D	1344398400000
952	649	D	1344484800000
953	650	D	1344571200000
954	651	E	1344657600000
955	651	E	1344744000000
956	651	D	1344830400000
957	652	D	1344916800000
958	653	D	1345003200000
959	654	D	1345089600000
960	655	D	1345176000000
961	656	E	1345262400000
962	656	E	1345348800000
963	656	D	1345435200000
964	657	D	1345521600000
965	658	D	1345608000000
966	659	D	1345694400000
967	660	D	1345780800000
968	661	E	1345867200000
969	661	E	1345953600000
970	661	D	1346040000000
971	662	D	1346126400000
972	663	D	1346212800000
973	664	D	1346299200000
974	665	D	1346385600000
975	666	E	1346472000000
976	666	E	1346558400000
977	666	H	1346644800000
978	666	D	1346731200000
979	667	D	1346817600000
980	668	D	1346904000000
981	669	D	1346990400000
982	670	E	1347076800000
983	670	E	1347163200000
984	670	D	1347249600000
985	671	D	1347336000000
986	672	D	1347422400000
987	673	D	1347508800000
988	674	D	1347595200000
989	675	E	1347681600000
990	675	E	1347768000000
991	675	D	1347854400000
992	676	D	1347940800000
993	677	D	1348027200000
994	678	D	1348113600000
995	679	D	1348200000000
996	680	E	1348286400000
997	680	E	1348372800000
998	680	D	1348459200000
999	681	D	1348545600000
1000	682	D	1348632000000
1001	683	D	1348718400000
1002	684	D	1348804800000
1003	685	E	1348891200000
1004	685	E	1348977600000
1005	685	D	1349064000000
1006	686	D	1349150400000
1007	687	D	1349236800000
1008	688	D	1349323200000
1009	689	D	1349409600000
1010	690	E	1349496000000
1011	690	E	1349582400000
1012	690	H	1349668800000
1013	690	D	1349755200000
1014	691	D	1349841600000
1015	692	D	1349928000000
1016	693	D	1350014400000
1017	694	E	1350100800000
1018	694	E	1350187200000
1019	694	D	1350273600000
1020	695	D	1350360000000
1021	696	D	1350446400000
1022	697	D	1350532800000
1023	698	D	1350619200000
1024	699	E	1350705600000
1025	699	E	1350792000000
1026	699	D	1350878400000
1027	700	D	1350964800000
1028	701	D	1351051200000
1029	702	D	1351137600000
1030	703	D	1351224000000
1031	704	E	1351310400000
1032	704	E	1351396800000
1033	704	D	1351483200000
1034	705	D	1351569600000
1035	706	D	1351656000000
1036	707	D	1351742400000
1037	708	D	1351828800000
1038	709	E	1351915200000
1039	709	E	1352001600000
1040	709	D	1352091600000
1041	710	D	1352178000000
1042	711	D	1352264400000
1043	712	D	1352350800000
1044	713	D	1352437200000
1045	714	E	1352523600000
1046	714	E	1352610000000
1047	714	D	1352696400000
1048	715	D	1352782800000
1049	716	D	1352869200000
1050	717	D	1352955600000
1051	718	D	1353042000000
1052	719	E	1353128400000
1053	719	E	1353214800000
1054	719	D	1353301200000
1055	720	D	1353387600000
1056	721	D	1353474000000
1057	722	D	1353560400000
1058	723	D	1353646800000
1059	724	E	1353733200000
1060	724	E	1353819600000
1061	724	D	1353906000000
1062	725	D	1353992400000
1063	726	D	1354078800000
1064	727	D	1354165200000
1065	728	D	1354251600000
1066	729	E	1354338000000
1067	729	E	1354424400000
1068	729	D	1354510800000
1069	730	D	1354597200000
1070	731	D	1354683600000
1071	732	D	1354770000000
1072	733	D	1354856400000
1073	734	E	1354942800000
1074	734	E	1355029200000
1075	734	D	1355115600000
1076	735	D	1355202000000
1077	736	D	1355288400000
1078	737	D	1355374800000
1079	738	D	1355461200000
1080	739	E	1355547600000
1081	739	E	1355634000000
1082	739	D	1355720400000
1083	740	D	1355806800000
1084	741	D	1355893200000
1085	742	D	1355979600000
1086	743	D	1356066000000
1087	744	E	1356152400000
1088	744	E	1356238800000
1089	744	D	1356325200000
1090	745	H	1356411600000
1091	745	H	1356498000000
1092	745	D	1356584400000
1093	746	D	1356670800000
1094	747	E	1356757200000
1095	747	E	1356843600000
1096	747	D	1356930000000
1097	748	H	1357016400000
1098	748	D	1357102800000
1099	749	D	1357189200000
1100	750	D	1357275600000
1101	751	E	1357362000000
1102	751	E	1357448400000
1103	751	D	1357534800000
1104	752	D	1357621200000
1105	753	D	1357707600000
1106	754	D	1357794000000
1107	755	D	1357880400000
1108	756	E	1357966800000
1109	756	E	1358053200000
1110	756	D	1358139600000
1111	757	D	1358226000000
1112	758	D	1358312400000
1113	759	D	1358398800000
1114	760	D	1358485200000
1115	761	E	1358571600000
1116	761	E	1358658000000
1117	761	D	1358744400000
1118	762	D	1358830800000
1119	763	D	1358917200000
1120	764	D	1359003600000
1121	765	D	1359090000000
1122	766	E	1359176400000
1123	766	E	1359262800000
1124	766	D	1359349200000
1125	767	D	1359435600000
1126	768	D	1359522000000
1127	769	D	1359608400000
1128	770	D	1359694800000
1129	771	E	1359781200000
1130	771	E	1359867600000
1131	771	D	1359954000000
1132	772	D	1360040400000
1133	773	D	1360126800000
1134	774	D	1360213200000
1135	775	D	1360299600000
1136	776	E	1360386000000
1137	776	E	1360472400000
1138	776	D	1360558800000
1139	777	D	1360645200000
1140	778	D	1360731600000
1141	779	D	1360818000000
1142	780	D	1360904400000
1143	781	E	1360990800000
1144	781	E	1361077200000
1145	781	H	1361163600000
1146	781	D	1361250000000
1147	782	D	1361336400000
1148	783	D	1361422800000
1149	784	D	1361509200000
1150	785	E	1361595600000
1151	785	E	1361682000000
1152	785	D	1361768400000
1153	786	D	1361854800000
1154	787	D	1361941200000
1155	788	D	1362027600000
1156	789	D	1362114000000
1157	790	E	1362200400000
1158	790	E	1362286800000
1159	790	D	1362373200000
1160	791	D	1362459600000
1161	792	D	1362546000000
1162	793	D	1362632400000
1163	794	D	1362718800000
1164	795	E	1362805200000
1165	795	E	1362891600000
1166	795	D	1362974400000
1167	796	D	1363060800000
1168	797	D	1363147200000
1169	798	D	1363233600000
1170	799	D	1363320000000
1171	800	E	1363406400000
1172	800	E	1363492800000
1173	800	D	1363579200000
1174	801	D	1363665600000
1175	802	D	1363752000000
1176	803	D	1363838400000
1177	804	D	1363924800000
1178	805	E	1364011200000
1179	805	E	1364097600000
1180	805	D	1364184000000
1181	806	D	1364270400000
1182	807	D	1364356800000
1183	808	D	1364443200000
1184	809	H	1364529600000
1185	809	E	1364616000000
1186	809	E	1364702400000
1187	809	H	1364788800000
1188	809	D	1364875200000
1189	810	D	1364961600000
1190	811	D	1365048000000
1191	812	D	1365134400000
1192	813	E	1365220800000
1193	813	E	1365307200000
1194	813	D	1365393600000
1195	814	D	1365480000000
1196	815	D	1365566400000
1197	816	D	1365652800000
1198	817	D	1365739200000
1199	818	E	1365825600000
1200	818	E	1365912000000
1201	818	D	1365998400000
1202	819	D	1366084800000
1203	820	D	1366171200000
1204	821	D	1366257600000
1205	822	D	1366344000000
1206	823	E	1366430400000
1207	823	E	1366516800000
1208	823	D	1366603200000
1209	824	D	1366689600000
1210	825	D	1366776000000
1211	826	D	1366862400000
1212	827	D	1366948800000
1213	828	E	1367035200000
1214	828	E	1367121600000
1215	828	D	1367208000000
1216	829	D	1367294400000
1217	830	D	1367380800000
1218	831	D	1367467200000
1219	832	D	1367553600000
1220	833	E	1367640000000
1221	833	E	1367726400000
1222	833	D	1367812800000
1223	834	D	1367899200000
1224	835	D	1367985600000
1225	836	D	1368072000000
1226	837	D	1368158400000
1227	838	E	1368244800000
1228	838	E	1368331200000
1229	838	D	1368417600000
1230	839	D	1368504000000
1231	840	D	1368590400000
1232	841	D	1368676800000
1233	842	D	1368763200000
1234	843	E	1368849600000
1235	843	E	1368936000000
1236	843	H	1369022400000
1237	843	D	1369108800000
1238	844	D	1369195200000
1239	845	D	1369281600000
1240	846	D	1369368000000
1241	847	E	1369454400000
1242	847	E	1369540800000
1243	847	D	1369627200000
1244	848	D	1369713600000
1245	849	D	1369800000000
1246	850	D	1369886400000
1247	851	D	1369972800000
1248	852	E	1370059200000
1249	852	E	1370145600000
1250	852	D	1370232000000
1251	853	D	1370318400000
1252	854	D	1370404800000
1253	855	D	1370491200000
1254	856	D	1370577600000
1255	857	E	1370664000000
1256	857	E	1370750400000
1257	857	D	1370836800000
1258	858	D	1370923200000
1259	859	D	1371009600000
1260	860	D	1371096000000
1261	861	D	1371182400000
1262	862	E	1371268800000
1263	862	E	1371355200000
1264	862	D	1371441600000
1265	863	D	1371528000000
1266	864	D	1371614400000
1267	865	D	1371700800000
1268	866	D	1371787200000
1269	867	E	1371873600000
1270	867	E	1371960000000
1271	867	D	1372046400000
1272	868	D	1372132800000
1273	869	D	1372219200000
1274	870	D	1372305600000
1275	871	D	1372392000000
1276	872	E	1372478400000
1277	872	E	1372564800000
1278	872	H	1372651200000
1279	872	D	1372737600000
1280	873	D	1372824000000
1281	874	D	1372910400000
1282	875	D	1372996800000
1283	876	E	1373083200000
1284	876	E	1373169600000
1285	876	D	1373256000000
1286	877	D	1373342400000
1287	878	D	1373428800000
1288	879	D	1373515200000
1289	880	D	1373601600000
1290	881	E	1373688000000
1291	881	E	1373774400000
1292	881	D	1373860800000
1293	882	D	1373947200000
1294	883	D	1374033600000
1295	884	D	1374120000000
1296	885	D	1374206400000
1297	886	E	1374292800000
1298	886	E	1374379200000
1299	886	D	1374465600000
1300	887	D	1374552000000
1301	888	D	1374638400000
1302	889	D	1374724800000
1303	890	D	1374811200000
1304	891	E	1374897600000
1305	891	E	1374984000000
1306	891	D	1375070400000
1307	892	D	1375156800000
1308	893	D	1375243200000
1309	894	D	1375329600000
1310	895	D	1375416000000
1311	896	E	1375502400000
1312	896	E	1375588800000
1313	896	H	1375675200000
1314	896	D	1375761600000
1315	897	D	1375848000000
1316	898	D	1375934400000
1317	899	D	1376020800000
1318	900	E	1376107200000
1319	900	E	1376193600000
1320	900	D	1376280000000
1321	901	D	1376366400000
1322	902	D	1376452800000
1323	903	D	1376539200000
1324	904	D	1376625600000
1325	905	E	1376712000000
1326	905	E	1376798400000
1327	905	D	1376884800000
1328	906	D	1376971200000
1329	907	D	1377057600000
1330	908	D	1377144000000
1331	909	D	1377230400000
1332	910	E	1377316800000
1333	910	E	1377403200000
1334	910	D	1377489600000
1335	911	D	1377576000000
1336	912	D	1377662400000
1337	913	D	1377748800000
1338	914	D	1377835200000
1339	915	E	1377921600000
1340	915	E	1378008000000
1341	915	H	1378094400000
1342	915	D	1378180800000
1343	916	D	1378267200000
1344	917	D	1378353600000
1345	918	D	1378440000000
1346	919	E	1378526400000
1347	919	E	1378612800000
1348	919	D	1378699200000
1349	920	D	1378785600000
1350	921	D	1378872000000
1351	922	D	1378958400000
1352	923	D	1379044800000
1353	924	E	1379131200000
1354	924	E	1379217600000
1355	924	D	1379304000000
1356	925	D	1379390400000
1357	926	D	1379476800000
1358	927	D	1379563200000
1359	928	D	1379649600000
1360	929	E	1379736000000
1361	929	E	1379822400000
1362	929	D	1379908800000
1363	930	D	1379995200000
1364	931	D	1380081600000
1365	932	D	1380168000000
1366	933	D	1380254400000
1367	934	E	1380340800000
1368	934	E	1380427200000
1369	934	D	1380513600000
1370	935	D	1380600000000
1371	936	D	1380686400000
1372	937	D	1380772800000
1373	938	D	1380859200000
1374	939	E	1380945600000
1375	939	E	1381032000000
1376	939	D	1381118400000
1377	940	D	1381204800000
1378	941	D	1381291200000
1379	942	D	1381377600000
1380	943	D	1381464000000
1381	944	E	1381550400000
1382	944	E	1381636800000
1383	944	H	1381723200000
1384	944	D	1381809600000
1385	945	D	1381896000000
1386	946	D	1381982400000
1387	947	D	1382068800000
1388	948	E	1382155200000
1389	948	E	1382241600000
1390	948	D	1382328000000
1391	949	D	1382414400000
1392	950	D	1382500800000
1393	951	D	1382587200000
1394	952	D	1382673600000
1395	953	E	1382760000000
1396	953	E	1382846400000
1397	953	D	1382932800000
1398	954	D	1383019200000
1399	955	D	1383105600000
1400	956	D	1383192000000
1401	957	D	1383278400000
1402	958	E	1383364800000
1403	958	E	1383451200000
1404	958	D	1383541200000
1405	959	D	1383627600000
1406	960	D	1383714000000
1407	961	D	1383800400000
1408	962	D	1383886800000
1409	963	E	1383973200000
1410	963	E	1384059600000
1411	963	H	1384146000000
1412	963	D	1384232400000
1413	964	D	1384318800000
1414	965	D	1384405200000
1415	966	D	1384491600000
1416	967	E	1384578000000
1417	967	E	1384664400000
1418	967	D	1384750800000
1419	968	D	1384837200000
1420	969	D	1384923600000
1421	970	D	1385010000000
1422	971	D	1385096400000
1423	972	E	1385182800000
1424	972	E	1385269200000
1425	972	D	1385355600000
1426	973	D	1385442000000
1427	974	D	1385528400000
1428	975	D	1385614800000
1429	976	D	1385701200000
1430	977	E	1385787600000
1431	977	E	1385874000000
1432	977	D	1385960400000
1433	978	D	1386046800000
1434	979	D	1386133200000
1435	980	D	1386219600000
1436	981	D	1386306000000
1437	982	E	1386392400000
1438	982	E	1386478800000
1439	982	D	1386565200000
1440	983	D	1386651600000
1441	984	D	1386738000000
1442	985	D	1386824400000
1443	986	D	1386910800000
1444	987	E	1386997200000
1445	987	E	1387083600000
1446	987	D	1387170000000
1447	988	D	1387256400000
1448	989	D	1387342800000
1449	990	D	1387429200000
1450	991	D	1387515600000
1451	992	E	1387602000000
1452	992	E	1387688400000
1453	992	D	1387774800000
1454	993	D	1387861200000
1455	994	H	1387947600000
1456	994	H	1388034000000
1457	994	D	1388120400000
1458	995	E	1388206800000
1459	995	E	1388293200000
1460	995	D	1388379600000
1461	996	D	1388466000000
1462	997	H	1388552400000
1463	997	D	1388638800000
1464	998	D	1388725200000
1465	999	E	1388811600000
1466	999	E	1388898000000
1467	999	D	1388984400000
1468	1000	D	1389070800000
1469	1001	D	1389157200000
1470	1002	D	1389243600000
1471	1003	D	1389330000000
1472	1004	E	1389416400000
1473	1004	E	1389502800000
1474	1004	D	1389589200000
1475	1005	D	1389675600000
1476	1006	D	1389762000000
1477	1007	D	1389848400000
1478	1008	D	1389934800000
1479	1009	E	1390021200000
1480	1009	E	1390107600000
1481	1009	D	1390194000000
1482	1010	D	1390280400000
1483	1011	D	1390366800000
1484	1012	D	1390453200000
1485	1013	D	1390539600000
1486	1014	E	1390626000000
1487	1014	E	1390712400000
1488	1014	D	1390798800000
1489	1015	D	1390885200000
1490	1016	D	1390971600000
1491	1017	D	1391058000000
1492	1018	D	1391144400000
1493	1019	E	1391230800000
1494	1019	E	1391317200000
1495	1019	D	1391403600000
1496	1020	D	1391490000000
1497	1021	D	1391576400000
1498	1022	D	1391662800000
1499	1023	D	1391749200000
1500	1024	E	1391835600000
1501	1024	E	1391922000000
1502	1024	D	1392008400000
1503	1025	D	1392094800000
1504	1026	D	1392181200000
1505	1027	D	1392267600000
1506	1028	D	1392354000000
1507	1029	E	1392440400000
1508	1029	E	1392526800000
1509	1029	H	1392613200000
1510	1029	D	1392699600000
1511	1030	D	1392786000000
1512	1031	D	1392872400000
1513	1032	D	1392958800000
1514	1033	E	1393045200000
1515	1033	E	1393131600000
1516	1033	D	1393218000000
1517	1034	D	1393304400000
1518	1035	D	1393390800000
1519	1036	D	1393477200000
1520	1037	D	1393563600000
1521	1038	E	1393650000000
1522	1038	E	1393736400000
1523	1038	D	1393822800000
1524	1039	D	1393909200000
1525	1040	D	1393995600000
1526	1041	D	1394082000000
1527	1042	D	1394168400000
1528	1043	E	1394254800000
1529	1043	E	1394341200000
1530	1043	D	1394424000000
1531	1044	D	1394510400000
1532	1045	D	1394596800000
1533	1046	D	1394683200000
1534	1047	D	1394769600000
1535	1048	E	1394856000000
1536	1048	E	1394942400000
1537	1048	D	1395028800000
1538	1049	D	1395115200000
1539	1050	D	1395201600000
1540	1051	D	1395288000000
1541	1052	D	1395374400000
1542	1053	E	1395460800000
1543	1053	E	1395547200000
1544	1053	D	1395633600000
1545	1054	D	1395720000000
1546	1055	D	1395806400000
1547	1056	D	1395892800000
1548	1057	D	1395979200000
1549	1058	E	1396065600000
1550	1058	E	1396152000000
1551	1058	D	1396238400000
1552	1059	D	1396324800000
1553	1060	D	1396411200000
1554	1061	D	1396497600000
1555	1062	D	1396584000000
1556	1063	E	1396670400000
1557	1063	E	1396756800000
1558	1063	D	1396843200000
1559	1064	D	1396929600000
1560	1065	D	1397016000000
1561	1066	D	1397102400000
1562	1067	D	1397188800000
1563	1068	E	1397275200000
1564	1068	E	1397361600000
1565	1068	D	1397448000000
1566	1069	D	1397534400000
1567	1070	D	1397620800000
1568	1071	D	1397707200000
1569	1072	H	1397793600000
1570	1072	E	1397880000000
1571	1072	E	1397966400000
1572	1072	H	1398052800000
1573	1072	D	1398139200000
1574	1073	D	1398225600000
1575	1074	D	1398312000000
1576	1075	D	1398398400000
1577	1076	E	1398484800000
1578	1076	E	1398571200000
1579	1076	D	1398657600000
1580	1077	D	1398744000000
1581	1078	D	1398830400000
1582	1079	D	1398916800000
1583	1080	D	1399003200000
1584	1081	E	1399089600000
1585	1081	E	1399176000000
1586	1081	D	1399262400000
1587	1082	D	1399348800000
1588	1083	D	1399435200000
1589	1084	D	1399521600000
1590	1085	D	1399608000000
1591	1086	E	1399694400000
1592	1086	E	1399780800000
1593	1086	D	1399867200000
1594	1087	D	1399953600000
1595	1088	D	1400040000000
1596	1089	D	1400126400000
1597	1090	D	1400212800000
1598	1091	E	1400299200000
1599	1091	E	1400385600000
1600	1091	H	1400472000000
1601	1091	D	1400558400000
1602	1092	D	1400644800000
1603	1093	D	1400731200000
1604	1094	D	1400817600000
1605	1095	E	1400904000000
1606	1095	E	1400990400000
1607	1095	D	1401076800000
1608	1096	D	1401163200000
1609	1097	D	1401249600000
1610	1098	D	1401336000000
1611	1099	D	1401422400000
1612	1100	E	1401508800000
1613	1100	E	1401595200000
1614	1100	D	1401681600000
1615	1101	D	1401768000000
1616	1102	D	1401854400000
1617	1103	D	1401940800000
1618	1104	D	1402027200000
1619	1105	E	1402113600000
1620	1105	E	1402200000000
1621	1105	D	1402286400000
1622	1106	D	1402372800000
1623	1107	D	1402459200000
1624	1108	D	1402545600000
1625	1109	D	1402632000000
1626	1110	E	1402718400000
1627	1110	E	1402804800000
1628	1110	D	1402891200000
1629	1111	D	1402977600000
1630	1112	D	1403064000000
1631	1113	D	1403150400000
1632	1114	D	1403236800000
1633	1115	E	1403323200000
1634	1115	E	1403409600000
1635	1115	D	1403496000000
1636	1116	D	1403582400000
1637	1117	D	1403668800000
1638	1118	D	1403755200000
1639	1119	D	1403841600000
1640	1120	E	1403928000000
1641	1120	E	1404014400000
1642	1120	D	1404100800000
1643	1121	H	1404187200000
1644	1121	D	1404273600000
1645	1122	D	1404360000000
1646	1123	D	1404446400000
1647	1124	E	1404532800000
1648	1124	E	1404619200000
1649	1124	D	1404705600000
1650	1125	D	1404792000000
1651	1126	D	1404878400000
1652	1127	D	1404964800000
1653	1128	D	1405051200000
1654	1129	E	1405137600000
1655	1129	E	1405224000000
1656	1129	D	1405310400000
1657	1130	D	1405396800000
1658	1131	D	1405483200000
1659	1132	D	1405569600000
1660	1133	D	1405656000000
1661	1134	E	1405742400000
1662	1134	E	1405828800000
1663	1134	D	1405915200000
1664	1135	D	1406001600000
1665	1136	D	1406088000000
1666	1137	D	1406174400000
1667	1138	D	1406260800000
1668	1139	E	1406347200000
1669	1139	E	1406433600000
1670	1139	D	1406520000000
1671	1140	D	1406606400000
1672	1141	D	1406692800000
1673	1142	D	1406779200000
1674	1143	D	1406865600000
1675	1144	E	1406952000000
1676	1144	E	1407038400000
1677	1144	H	1407124800000
1678	1144	D	1407211200000
1679	1145	D	1407297600000
1680	1146	D	1407384000000
1681	1147	D	1407470400000
1682	1148	E	1407556800000
1683	1148	E	1407643200000
1684	1148	D	1407729600000
1685	1149	D	1407816000000
1686	1150	D	1407902400000
1687	1151	D	1407988800000
1688	1152	D	1408075200000
1689	1153	E	1408161600000
1690	1153	E	1408248000000
1691	1153	D	1408334400000
1692	1154	D	1408420800000
1693	1155	D	1408507200000
1694	1156	D	1408593600000
1695	1157	D	1408680000000
1696	1158	E	1408766400000
1697	1158	E	1408852800000
1698	1158	D	1408939200000
1699	1159	D	1409025600000
1700	1160	D	1409112000000
1701	1161	D	1409198400000
1702	1162	D	1409284800000
1703	1163	E	1409371200000
1704	1163	E	1409457600000
1705	1163	H	1409544000000
1706	1163	D	1409630400000
1707	1164	D	1409716800000
1708	1165	D	1409803200000
1709	1166	D	1409889600000
1710	1167	E	1409976000000
1711	1167	E	1410062400000
1712	1167	D	1410148800000
1713	1168	D	1410235200000
1714	1169	D	1410321600000
1715	1170	D	1410408000000
1716	1171	D	1410494400000
1717	1172	E	1410580800000
1718	1172	E	1410667200000
1719	1172	D	1410753600000
1720	1173	D	1410840000000
1721	1174	D	1410926400000
1722	1175	D	1411012800000
1723	1176	D	1411099200000
1724	1177	E	1411185600000
1725	1177	E	1411272000000
1726	1177	D	1411358400000
1727	1178	D	1411444800000
1728	1179	D	1411531200000
1729	1180	D	1411617600000
1730	1181	D	1411704000000
1731	1182	E	1411790400000
1732	1182	E	1411876800000
1733	1182	D	1411963200000
1734	1183	D	1412049600000
1735	1184	D	1412136000000
1736	1185	D	1412222400000
1737	1186	D	1412308800000
1738	1187	E	1412395200000
1739	1187	E	1412481600000
1740	1187	D	1412568000000
1741	1188	D	1412654400000
1742	1189	D	1412740800000
1743	1190	D	1412827200000
1744	1191	D	1412913600000
1745	1192	E	1413000000000
1746	1192	E	1413086400000
1747	1192	H	1413172800000
1748	1192	D	1413259200000
1749	1193	D	1413345600000
1750	1194	D	1413432000000
1751	1195	D	1413518400000
1752	1196	E	1413604800000
1753	1196	E	1413691200000
1754	1196	D	1413777600000
1755	1197	D	1413864000000
1756	1198	D	1413950400000
1757	1199	D	1414036800000
1758	1200	D	1414123200000
1759	1201	E	1414209600000
1760	1201	E	1414296000000
1761	1201	D	1414382400000
1762	1202	D	1414468800000
1763	1203	D	1414555200000
1764	1204	D	1414641600000
1765	1205	D	1414728000000
1766	1206	E	1414814400000
1767	1206	E	1414900800000
1768	1206	D	1414990800000
1769	1207	D	1415077200000
1770	1208	D	1415163600000
1771	1209	D	1415250000000
1772	1210	D	1415336400000
1773	1211	E	1415422800000
1774	1211	E	1415509200000
1775	1211	D	1415595600000
1776	1212	H	1415682000000
1777	1212	D	1415768400000
1778	1213	D	1415854800000
1779	1214	D	1415941200000
1780	1215	E	1416027600000
1781	1215	E	1416114000000
1782	1215	D	1416200400000
1783	1216	D	1416286800000
1784	1217	D	1416373200000
1785	1218	D	1416459600000
1786	1219	D	1416546000000
1787	1220	E	1416632400000
1788	1220	E	1416718800000
1789	1220	D	1416805200000
1790	1221	D	1416891600000
1791	1222	D	1416978000000
1792	1223	D	1417064400000
1793	1224	D	1417150800000
1794	1225	E	1417237200000
1795	1225	E	1417323600000
1796	1225	D	1417410000000
1797	1226	D	1417496400000
1798	1227	D	1417582800000
1799	1228	D	1417669200000
1800	1229	D	1417755600000
1801	1230	E	1417842000000
1802	1230	E	1417928400000
1803	1230	D	1418014800000
1804	1231	D	1418101200000
1805	1232	D	1418187600000
1806	1233	D	1418274000000
1807	1234	D	1418360400000
1808	1235	E	1418446800000
1809	1235	E	1418533200000
1810	1235	D	1418619600000
1811	1236	D	1418706000000
1812	1237	D	1418792400000
1813	1238	D	1418878800000
1814	1239	D	1418965200000
1815	1240	E	1419051600000
1816	1240	E	1419138000000
1817	1240	D	1419224400000
1818	1241	D	1419310800000
1819	1242	D	1419397200000
1820	1243	H	1419483600000
1821	1243	H	1419570000000
1822	1243	E	1419656400000
1823	1243	E	1419742800000
1824	1243	D	1419829200000
1825	1244	D	1419915600000
1826	1245	D	1420002000000
1827	1246	H	1420088400000
1828	1246	D	1420174800000
1829	1247	E	1420261200000
1830	1247	E	1420347600000
1831	1247	D	1420434000000
1832	1248	D	1420520400000
1833	1249	D	1420606800000
1834	1250	D	1420693200000
1835	1251	D	1420779600000
1836	1252	E	1420866000000
1837	1252	E	1420952400000
1838	1252	D	1421038800000
1839	1253	D	1421125200000
1840	1254	D	1421211600000
1841	1255	D	1421298000000
1842	1256	D	1421384400000
1843	1257	E	1421470800000
1844	1257	E	1421557200000
1845	1257	D	1421643600000
1846	1258	D	1421730000000
1847	1259	D	1421816400000
1848	1260	D	1421902800000
1849	1261	D	1421989200000
1850	1262	E	1422075600000
1851	1262	E	1422162000000
1852	1262	D	1422248400000
1853	1263	D	1422334800000
1854	1264	D	1422421200000
1855	1265	D	1422507600000
1856	1266	D	1422594000000
1857	1267	E	1422680400000
1858	1267	E	1422766800000
1859	1267	D	1422853200000
1860	1268	D	1422939600000
1861	1269	D	1423026000000
1862	1270	D	1423112400000
1863	1271	D	1423198800000
1864	1272	E	1423285200000
1865	1272	E	1423371600000
1866	1272	D	1423458000000
1867	1273	D	1423544400000
1868	1274	D	1423630800000
1869	1275	D	1423717200000
1870	1276	D	1423803600000
1871	1277	E	1423890000000
1872	1277	E	1423976400000
1873	1277	H	1424062800000
1874	1277	D	1424149200000
1875	1278	D	1424235600000
1876	1279	D	1424322000000
1877	1280	D	1424408400000
1878	1281	E	1424494800000
1879	1281	E	1424581200000
1880	1281	D	1424667600000
1881	1282	D	1424754000000
1882	1283	D	1424840400000
1883	1284	D	1424926800000
1884	1285	D	1425013200000
1885	1286	E	1425099600000
1886	1286	E	1425186000000
1887	1286	D	1425272400000
1888	1287	D	1425358800000
1889	1288	D	1425445200000
1890	1289	D	1425531600000
1891	1290	D	1425618000000
1892	1291	E	1425704400000
1893	1291	E	1425790800000
1894	1291	D	1425873600000
1895	1292	D	1425960000000
1896	1293	D	1426046400000
1897	1294	D	1426132800000
1898	1295	D	1426219200000
1899	1296	E	1426305600000
1900	1296	E	1426392000000
1901	1296	D	1426478400000
1902	1297	D	1426564800000
1903	1298	D	1426651200000
1904	1299	D	1426737600000
1905	1300	D	1426824000000
1906	1301	E	1426910400000
1907	1301	E	1426996800000
1908	1301	D	1427083200000
1909	1302	D	1427169600000
1910	1303	D	1427256000000
1911	1304	D	1427342400000
1912	1305	D	1427428800000
1913	1306	E	1427515200000
1914	1306	E	1427601600000
1915	1306	D	1427688000000
1916	1307	D	1427774400000
1917	1308	D	1427860800000
1918	1309	D	1427947200000
1919	1310	H	1428033600000
1920	1310	E	1428120000000
1921	1310	E	1428206400000
1922	1310	H	1428292800000
1923	1310	D	1428379200000
1924	1311	D	1428465600000
1925	1312	D	1428552000000
1926	1313	D	1428638400000
1927	1314	E	1428724800000
1928	1314	E	1428811200000
1929	1314	D	1428897600000
1930	1315	D	1428984000000
1931	1316	D	1429070400000
1932	1317	D	1429156800000
1933	1318	D	1429243200000
1934	1319	E	1429329600000
1935	1319	E	1429416000000
1936	1319	D	1429502400000
1937	1320	D	1429588800000
1938	1321	D	1429675200000
1939	1322	D	1429761600000
1940	1323	D	1429848000000
1941	1324	E	1429934400000
1942	1324	E	1430020800000
1943	1324	D	1430107200000
1944	1325	D	1430193600000
1945	1326	D	1430280000000
1946	1327	D	1430366400000
1947	1328	D	1430452800000
1948	1329	E	1430539200000
1949	1329	E	1430625600000
1950	1329	D	1430712000000
1951	1330	D	1430798400000
1952	1331	D	1430884800000
1953	1332	D	1430971200000
1954	1333	D	1431057600000
1955	1334	E	1431144000000
1956	1334	E	1431230400000
1957	1334	D	1431316800000
1958	1335	D	1431403200000
1959	1336	D	1431489600000
1960	1337	D	1431576000000
1961	1338	D	1431662400000
1962	1339	E	1431748800000
1963	1339	E	1431835200000
1964	1339	H	1431921600000
1965	1339	D	1432008000000
1966	1340	D	1432094400000
1967	1341	D	1432180800000
1968	1342	D	1432267200000
1969	1343	E	1432353600000
1970	1343	E	1432440000000
1971	1343	D	1432526400000
1972	1344	D	1432612800000
1973	1345	D	1432699200000
1974	1346	D	1432785600000
1975	1347	D	1432872000000
1976	1348	E	1432958400000
1977	1348	E	1433044800000
1978	1348	D	1433131200000
1979	1349	D	1433217600000
1980	1350	D	1433304000000
1981	1351	D	1433390400000
1982	1352	D	1433476800000
1983	1353	E	1433563200000
1984	1353	E	1433649600000
1985	1353	D	1433736000000
1986	1354	D	1433822400000
1987	1355	D	1433908800000
1988	1356	D	1433995200000
1989	1357	D	1434081600000
1990	1358	E	1434168000000
1991	1358	E	1434254400000
1992	1358	D	1434340800000
1993	1359	D	1434427200000
1994	1360	D	1434513600000
1995	1361	D	1434600000000
1996	1362	D	1434686400000
1997	1363	E	1434772800000
1998	1363	E	1434859200000
1999	1363	D	1434945600000
2000	1364	D	1435032000000
2001	1365	D	1435118400000
2002	1366	D	1435204800000
2003	1367	D	1435291200000
2004	1368	E	1435377600000
2005	1368	E	1435464000000
2006	1368	D	1435550400000
2007	1369	D	1435636800000
2008	1370	H	1435723200000
2009	1370	D	1435809600000
2010	1371	D	1435896000000
2011	1372	E	1435982400000
2012	1372	E	1436068800000
2013	1372	D	1436155200000
2014	1373	D	1436241600000
2015	1374	D	1436328000000
2016	1375	D	1436414400000
2017	1376	D	1436500800000
2018	1377	E	1436587200000
2019	1377	E	1436673600000
2020	1377	D	1436760000000
2021	1378	D	1436846400000
2022	1379	D	1436932800000
2023	1380	D	1437019200000
2024	1381	D	1437105600000
2025	1382	E	1437192000000
2026	1382	E	1437278400000
2027	1382	D	1437364800000
2028	1383	D	1437451200000
2029	1384	D	1437537600000
2030	1385	D	1437624000000
2031	1386	D	1437710400000
2032	1387	E	1437796800000
2033	1387	E	1437883200000
2034	1387	D	1437969600000
2035	1388	D	1438056000000
2036	1389	D	1438142400000
2037	1390	D	1438228800000
2038	1391	D	1438315200000
2039	1392	E	1438401600000
2040	1392	E	1438488000000
2041	1392	H	1438574400000
2042	1392	D	1438660800000
2043	1393	D	1438747200000
2044	1394	D	1438833600000
2045	1395	D	1438920000000
2046	1396	E	1439006400000
2047	1396	E	1439092800000
2048	1396	D	1439179200000
2049	1397	D	1439265600000
2050	1398	D	1439352000000
2051	1399	D	1439438400000
2052	1400	D	1439524800000
2053	1401	E	1439611200000
2054	1401	E	1439697600000
2055	1401	D	1439784000000
2056	1402	D	1439870400000
2057	1403	D	1439956800000
2058	1404	D	1440043200000
2059	1405	D	1440129600000
2060	1406	E	1440216000000
2061	1406	E	1440302400000
2062	1406	D	1440388800000
2063	1407	D	1440475200000
2064	1408	D	1440561600000
2065	1409	D	1440648000000
2066	1410	D	1440734400000
2067	1411	E	1440820800000
2068	1411	E	1440907200000
2069	1411	D	1440993600000
2070	1412	D	1441080000000
2071	1413	D	1441166400000
2072	1414	D	1441252800000
2073	1415	D	1441339200000
2074	1416	E	1441425600000
2075	1416	E	1441512000000
2076	1416	H	1441598400000
2077	1416	D	1441684800000
2078	1417	D	1441771200000
2079	1418	D	1441857600000
2080	1419	D	1441944000000
2081	1420	E	1442030400000
2082	1420	E	1442116800000
2083	1420	D	1442203200000
2084	1421	D	1442289600000
2085	1422	D	1442376000000
2086	1423	D	1442462400000
2087	1424	D	1442548800000
2088	1425	E	1442635200000
2089	1425	E	1442721600000
2090	1425	D	1442808000000
2091	1426	D	1442894400000
2092	1427	D	1442980800000
2093	1428	D	1443067200000
2094	1429	D	1443153600000
2095	1430	E	1443240000000
2096	1430	E	1443326400000
2097	1430	D	1443412800000
2098	1431	D	1443499200000
2099	1432	D	1443585600000
2100	1433	D	1443672000000
2101	1434	D	1443758400000
2102	1435	E	1443844800000
2103	1435	E	1443931200000
2104	1435	D	1444017600000
2105	1436	D	1444104000000
2106	1437	D	1444190400000
2107	1438	D	1444276800000
2108	1439	D	1444363200000
2109	1440	E	1444449600000
2110	1440	E	1444536000000
2111	1440	H	1444622400000
2112	1440	D	1444708800000
2113	1441	D	1444795200000
2114	1442	D	1444881600000
2115	1443	D	1444968000000
2116	1444	E	1445054400000
2117	1444	E	1445140800000
2118	1444	D	1445227200000
2119	1445	D	1445313600000
2120	1446	D	1445400000000
2121	1447	D	1445486400000
2122	1448	D	1445572800000
2123	1449	E	1445659200000
2124	1449	E	1445745600000
2125	1449	D	1445832000000
2126	1450	D	1445918400000
2127	1451	D	1446004800000
2128	1452	D	1446091200000
2129	1453	D	1446177600000
2130	1454	E	1446264000000
2131	1454	E	1446350400000
2132	1454	D	1446440400000
2133	1455	D	1446526800000
2134	1456	D	1446613200000
2135	1457	D	1446699600000
2136	1458	D	1446786000000
2137	1459	E	1446872400000
2138	1459	E	1446958800000
2139	1459	D	1447045200000
2140	1460	D	1447131600000
2141	1461	H	1447218000000
2142	1461	D	1447304400000
2143	1462	D	1447390800000
2144	1463	E	1447477200000
2145	1463	E	1447563600000
2146	1463	D	1447650000000
2147	1464	D	1447736400000
2148	1465	D	1447822800000
2149	1466	D	1447909200000
2150	1467	D	1447995600000
2151	1468	E	1448082000000
2152	1468	E	1448168400000
2153	1468	D	1448254800000
2154	1469	D	1448341200000
2155	1470	D	1448427600000
2156	1471	D	1448514000000
2157	1472	D	1448600400000
2158	1473	E	1448686800000
2159	1473	E	1448773200000
2160	1473	D	1448859600000
2161	1474	D	1448946000000
2162	1475	D	1449032400000
2163	1476	D	1449118800000
2164	1477	D	1449205200000
2165	1478	E	1449291600000
2166	1478	E	1449378000000
2167	1478	D	1449464400000
2168	1479	D	1449550800000
2169	1480	D	1449637200000
2170	1481	D	1449723600000
2171	1482	D	1449810000000
2172	1483	E	1449896400000
2173	1483	E	1449982800000
2174	1483	D	1450069200000
2175	1484	D	1450155600000
2176	1485	D	1450242000000
2177	1486	D	1450328400000
2178	1487	D	1450414800000
2179	1488	E	1450501200000
2180	1488	E	1450587600000
2181	1488	D	1450674000000
2182	1489	D	1450760400000
2183	1490	D	1450846800000
2184	1491	D	1450933200000
2185	1492	H	1451019600000
2186	1492	E	1451106000000
2187	1492	E	1451192400000
2188	1492	H	1451278800000
2189	1492	D	1451365200000
2190	1493	D	1451451600000
2191	1494	D	1451538000000
2192	1495	H	1451624400000
2193	1495	E	1451710800000
2194	1495	E	1451797200000
2195	1495	D	1451883600000
2196	1496	D	1451970000000
2197	1497	D	1452056400000
2198	1498	D	1452142800000
2199	1499	D	1452229200000
2200	1500	E	1452315600000
2201	1500	E	1452402000000
2202	1500	D	1452488400000
2203	1501	D	1452574800000
2204	1502	D	1452661200000
2205	1503	D	1452747600000
2206	1504	D	1452834000000
2207	1505	E	1452920400000
2208	1505	E	1453006800000
2209	1505	D	1453093200000
2210	1506	D	1453179600000
2211	1507	D	1453266000000
2212	1508	D	1453352400000
2213	1509	D	1453438800000
2214	1510	E	1453525200000
2215	1510	E	1453611600000
2216	1510	D	1453698000000
2217	1511	D	1453784400000
2218	1512	D	1453870800000
2219	1513	D	1453957200000
2220	1514	D	1454043600000
2221	1515	E	1454130000000
2222	1515	E	1454216400000
2223	1515	D	1454302800000
2224	1516	D	1454389200000
2225	1517	D	1454475600000
2226	1518	D	1454562000000
2227	1519	D	1454648400000
2228	1520	E	1454734800000
2229	1520	E	1454821200000
2230	1520	D	1454907600000
2231	1521	D	1454994000000
2232	1522	D	1455080400000
2233	1523	D	1455166800000
2234	1524	D	1455253200000
2235	1525	E	1455339600000
2236	1525	E	1455426000000
2237	1525	H	1455512400000
2238	1525	D	1455598800000
2239	1526	D	1455685200000
2240	1527	D	1455771600000
2241	1528	D	1455858000000
2242	1529	E	1455944400000
2243	1529	E	1456030800000
2244	1529	D	1456117200000
2245	1530	D	1456203600000
2246	1531	D	1456290000000
2247	1532	D	1456376400000
2248	1533	D	1456462800000
2249	1534	E	1456549200000
2250	1534	E	1456635600000
2251	1534	D	1456722000000
2252	1535	D	1456808400000
2253	1536	D	1456894800000
2254	1537	D	1456981200000
2255	1538	D	1457067600000
2256	1539	E	1457154000000
2257	1539	E	1457240400000
2258	1539	D	1457326800000
2259	1540	D	1457413200000
2260	1541	D	1457499600000
2261	1542	D	1457586000000
2262	1543	D	1457672400000
2263	1544	E	1457758800000
2264	1544	E	1457845200000
2265	1544	D	1457928000000
2266	1545	D	1458014400000
2267	1546	D	1458100800000
2268	1547	D	1458187200000
2269	1548	D	1458273600000
2270	1549	E	1458360000000
2271	1549	E	1458446400000
2272	1549	D	1458532800000
2273	1550	D	1458619200000
2274	1551	D	1458705600000
2275	1552	D	1458792000000
2276	1553	H	1458878400000
2277	1553	E	1458964800000
2278	1553	E	1459051200000
2279	1553	H	1459137600000
2280	1553	D	1459224000000
2281	1554	D	1459310400000
2282	1555	D	1459396800000
2283	1556	D	1459483200000
2284	1557	E	1459569600000
2285	1557	E	1459656000000
2286	1557	D	1459742400000
2287	1558	D	1459828800000
2288	1559	D	1459915200000
2289	1560	D	1460001600000
2290	1561	D	1460088000000
2291	1562	E	1460174400000
2292	1562	E	1460260800000
2293	1562	D	1460347200000
2294	1563	D	1460433600000
2295	1564	D	1460520000000
2296	1565	D	1460606400000
2297	1566	D	1460692800000
2298	1567	E	1460779200000
2299	1567	E	1460865600000
2300	1567	D	1460952000000
2301	1568	D	1461038400000
2302	1569	D	1461124800000
2303	1570	D	1461211200000
2304	1571	D	1461297600000
2305	1572	E	1461384000000
2306	1572	E	1461470400000
2307	1572	D	1461556800000
2308	1573	D	1461643200000
2309	1574	D	1461729600000
2310	1575	D	1461816000000
2311	1576	D	1461902400000
2312	1577	E	1461988800000
2313	1577	E	1462075200000
2314	1577	D	1462161600000
2315	1578	D	1462248000000
2316	1579	D	1462334400000
2317	1580	D	1462420800000
2318	1581	D	1462507200000
2319	1582	E	1462593600000
2320	1582	E	1462680000000
2321	1582	D	1462766400000
2322	1583	D	1462852800000
2323	1584	D	1462939200000
2324	1585	D	1463025600000
2325	1586	D	1463112000000
2326	1587	E	1463198400000
2327	1587	E	1463284800000
2328	1587	D	1463371200000
2329	1588	D	1463457600000
2330	1589	D	1463544000000
2331	1590	D	1463630400000
2332	1591	D	1463716800000
2333	1592	E	1463803200000
2334	1592	E	1463889600000
2335	1592	H	1463976000000
2336	1592	D	1464062400000
2337	1593	D	1464148800000
2338	1594	D	1464235200000
2339	1595	D	1464321600000
2340	1596	E	1464408000000
2341	1596	E	1464494400000
2342	1596	D	1464580800000
2343	1597	D	1464667200000
2344	1598	D	1464753600000
2345	1599	D	1464840000000
2346	1600	D	1464926400000
2347	1601	E	1465012800000
2348	1601	E	1465099200000
2349	1601	D	1465185600000
2350	1602	D	1465272000000
2351	1603	D	1465358400000
2352	1604	D	1465444800000
2353	1605	D	1465531200000
2354	1606	E	1465617600000
2355	1606	E	1465704000000
2356	1606	D	1465790400000
2357	1607	D	1465876800000
2358	1608	D	1465963200000
2359	1609	D	1466049600000
2360	1610	D	1466136000000
2361	1611	E	1466222400000
2362	1611	E	1466308800000
2363	1611	D	1466395200000
2364	1612	D	1466481600000
2365	1613	D	1466568000000
2366	1614	D	1466654400000
2367	1615	D	1466740800000
2368	1616	E	1466827200000
2369	1616	E	1466913600000
2370	1616	D	1467000000000
2371	1617	D	1467086400000
2372	1618	D	1467172800000
2373	1619	D	1467259200000
2374	1620	H	1467345600000
2375	1620	E	1467432000000
2376	1620	E	1467518400000
2377	1620	D	1467604800000
2378	1621	D	1467691200000
2379	1622	D	1467777600000
2380	1623	D	1467864000000
2381	1624	D	1467950400000
2382	1625	E	1468036800000
2383	1625	E	1468123200000
2384	1625	D	1468209600000
2385	1626	D	1468296000000
2386	1627	D	1468382400000
2387	1628	D	1468468800000
2388	1629	D	1468555200000
2389	1630	E	1468641600000
2390	1630	E	1468728000000
2391	1630	D	1468814400000
2392	1631	D	1468900800000
2393	1632	D	1468987200000
2394	1633	D	1469073600000
2395	1634	D	1469160000000
2396	1635	E	1469246400000
2397	1635	E	1469332800000
2398	1635	D	1469419200000
2399	1636	D	1469505600000
2400	1637	D	1469592000000
2401	1638	D	1469678400000
2402	1639	D	1469764800000
2403	1640	E	1469851200000
2404	1640	E	1469937600000
2405	1640	H	1470024000000
2406	1640	D	1470110400000
2407	1641	D	1470196800000
2408	1642	D	1470283200000
2409	1643	D	1470369600000
2410	1644	E	1470456000000
2411	1644	E	1470542400000
2412	1644	D	1470628800000
2413	1645	D	1470715200000
2414	1646	D	1470801600000
2415	1647	D	1470888000000
2416	1648	D	1470974400000
2417	1649	E	1471060800000
2418	1649	E	1471147200000
2419	1649	D	1471233600000
2420	1650	D	1471320000000
2421	1651	D	1471406400000
2422	1652	D	1471492800000
2423	1653	D	1471579200000
2424	1654	E	1471665600000
2425	1654	E	1471752000000
2426	1654	D	1471838400000
2427	1655	D	1471924800000
2428	1656	D	1472011200000
2429	1657	D	1472097600000
2430	1658	D	1472184000000
2431	1659	E	1472270400000
2432	1659	E	1472356800000
2433	1659	D	1472443200000
2434	1660	D	1472529600000
2435	1661	D	1472616000000
2436	1662	D	1472702400000
2437	1663	D	1472788800000
2438	1664	E	1472875200000
2439	1664	E	1472961600000
2440	1664	H	1473048000000
2441	1664	D	1473134400000
2442	1665	D	1473220800000
2443	1666	D	1473307200000
2444	1667	D	1473393600000
2445	1668	E	1473480000000
2446	1668	E	1473566400000
2447	1668	D	1473652800000
2448	1669	D	1473739200000
2449	1670	D	1473825600000
2450	1671	D	1473912000000
2451	1672	D	1473998400000
2452	1673	E	1474084800000
2453	1673	E	1474171200000
2454	1673	D	1474257600000
2455	1674	D	1474344000000
2456	1675	D	1474430400000
2457	1676	D	1474516800000
2458	1677	D	1474603200000
2459	1678	E	1474689600000
2460	1678	E	1474776000000
2461	1678	D	1474862400000
2462	1679	D	1474948800000
2463	1680	D	1475035200000
2464	1681	D	1475121600000
2465	1682	D	1475208000000
2466	1683	E	1475294400000
2467	1683	E	1475380800000
2468	1683	D	1475467200000
2469	1684	D	1475553600000
2470	1685	D	1475640000000
2471	1686	D	1475726400000
2472	1687	D	1475812800000
2473	1688	E	1475899200000
2474	1688	E	1475985600000
2475	1688	H	1476072000000
2476	1688	D	1476158400000
2477	1689	D	1476244800000
2478	1690	D	1476331200000
2479	1691	D	1476417600000
2480	1692	E	1476504000000
2481	1692	E	1476590400000
2482	1692	D	1476676800000
2483	1693	D	1476763200000
2484	1694	D	1476849600000
2485	1695	D	1476936000000
2486	1696	D	1477022400000
2487	1697	E	1477108800000
2488	1697	E	1477195200000
2489	1697	D	1477281600000
2490	1698	D	1477368000000
2491	1699	D	1477454400000
2492	1700	D	1477540800000
2493	1701	D	1477627200000
2494	1702	E	1477713600000
2495	1702	E	1477800000000
2496	1702	D	1477886400000
2497	1703	D	1477972800000
2498	1704	D	1478059200000
2499	1705	D	1478145600000
2500	1706	D	1478232000000
2501	1707	E	1478318400000
2502	1707	E	1478404800000
2503	1707	D	1478494800000
2504	1708	D	1478581200000
2505	1709	D	1478667600000
2506	1710	D	1478754000000
2507	1711	H	1478840400000
2508	1711	E	1478926800000
2509	1711	E	1479013200000
2510	1711	D	1479099600000
2511	1712	D	1479186000000
2512	1713	D	1479272400000
2513	1714	D	1479358800000
2514	1715	D	1479445200000
2515	1716	E	1479531600000
2516	1716	E	1479618000000
2517	1716	D	1479704400000
2518	1717	D	1479790800000
2519	1718	D	1479877200000
2520	1719	D	1479963600000
2521	1720	D	1480050000000
2522	1721	E	1480136400000
2523	1721	E	1480222800000
2524	1721	D	1480309200000
2525	1722	D	1480395600000
2526	1723	D	1480482000000
2527	1724	D	1480568400000
2528	1725	D	1480654800000
2529	1726	E	1480741200000
2530	1726	E	1480827600000
2531	1726	D	1480914000000
2532	1727	D	1481000400000
2533	1728	D	1481086800000
2534	1729	D	1481173200000
2535	1730	D	1481259600000
2536	1731	E	1481346000000
2537	1731	E	1481432400000
2538	1731	D	1481518800000
2539	1732	D	1481605200000
2540	1733	D	1481691600000
2541	1734	D	1481778000000
2542	1735	D	1481864400000
2543	1736	E	1481950800000
2544	1736	E	1482037200000
2545	1736	D	1482123600000
2546	1737	D	1482210000000
2547	1738	D	1482296400000
2548	1739	D	1482382800000
2549	1740	D	1482469200000
2550	1741	E	1482555600000
2551	1741	E	1482642000000
2552	1741	H	1482728400000
2553	1741	H	1482814800000
2554	1741	D	1482901200000
2555	1742	D	1482987600000
2556	1743	D	1483074000000
2557	1744	E	1483160400000
2558	1744	E	1483246800000
2559	1744	H	1483333200000
2560	1744	D	1483419600000
2561	1745	D	1483506000000
2562	1746	D	1483592400000
2563	1747	D	1483678800000
2564	1748	E	1483765200000
2565	1748	E	1483851600000
2566	1748	D	1483938000000
2567	1749	D	1484024400000
2568	1750	D	1484110800000
2569	1751	D	1484197200000
2570	1752	D	1484283600000
2571	1753	E	1484370000000
2572	1753	E	1484456400000
2573	1753	D	1484542800000
2574	1754	D	1484629200000
2575	1755	D	1484715600000
2576	1756	D	1484802000000
2577	1757	D	1484888400000
2578	1758	E	1484974800000
2579	1758	E	1485061200000
2580	1758	D	1485147600000
2581	1759	D	1485234000000
2582	1760	D	1485320400000
2583	1761	D	1485406800000
2584	1762	D	1485493200000
2585	1763	E	1485579600000
2586	1763	E	1485666000000
2587	1763	D	1485752400000
2588	1764	D	1485838800000
2589	1765	D	1485925200000
2590	1766	D	1486011600000
2591	1767	D	1486098000000
2592	1768	E	1486184400000
2593	1768	E	1486270800000
2594	1768	D	1486357200000
2595	1769	D	1486443600000
2596	1770	D	1486530000000
2597	1771	D	1486616400000
2598	1772	D	1486702800000
2599	1773	E	1486789200000
2600	1773	E	1486875600000
2601	1773	D	1486962000000
2602	1774	D	1487048400000
2603	1775	D	1487134800000
2604	1776	D	1487221200000
2605	1777	D	1487307600000
2606	1778	E	1487394000000
2607	1778	E	1487480400000
2608	1778	H	1487566800000
2609	1778	D	1487653200000
2610	1779	D	1487739600000
2611	1780	D	1487826000000
2612	1781	D	1487912400000
2613	1782	E	1487998800000
2614	1782	E	1488085200000
2615	1782	D	1488171600000
2616	1783	D	1488258000000
2617	1784	D	1488344400000
2618	1785	D	1488430800000
2619	1786	D	1488517200000
2620	1787	E	1488603600000
2621	1787	E	1488690000000
2622	1787	D	1488776400000
2623	1788	D	1488862800000
2624	1789	D	1488949200000
2625	1790	D	1489035600000
2626	1791	D	1489122000000
2627	1792	E	1489208400000
2628	1792	E	1489294800000
2629	1792	D	1489377600000
2630	1793	D	1489464000000
2631	1794	D	1489550400000
2632	1795	D	1489636800000
2633	1796	D	1489723200000
2634	1797	E	1489809600000
2635	1797	E	1489896000000
2636	1797	D	1489982400000
2637	1798	D	1490068800000
2638	1799	D	1490155200000
2639	1800	D	1490241600000
2640	1801	D	1490328000000
2641	1802	E	1490414400000
2642	1802	E	1490500800000
2643	1802	D	1490587200000
2644	1803	D	1490673600000
2645	1804	D	1490760000000
2646	1805	D	1490846400000
2647	1806	D	1490932800000
2648	1807	E	1491019200000
2649	1807	E	1491105600000
2650	1807	D	1491192000000
2651	1808	D	1491278400000
2652	1809	D	1491364800000
2653	1810	D	1491451200000
2654	1811	D	1491537600000
2655	1812	E	1491624000000
2656	1812	E	1491710400000
2657	1812	D	1491796800000
2658	1813	D	1491883200000
2659	1814	D	1491969600000
2660	1815	D	1492056000000
2661	1816	H	1492142400000
2662	1816	E	1492228800000
2663	1816	E	1492315200000
2664	1816	H	1492401600000
2665	1816	D	1492488000000
2666	1817	D	1492574400000
2667	1818	D	1492660800000
2668	1819	D	1492747200000
2669	1820	E	1492833600000
2670	1820	E	1492920000000
2671	1820	D	1493006400000
2672	1821	D	1493092800000
2673	1822	D	1493179200000
2674	1823	D	1493265600000
2675	1824	D	1493352000000
2676	1825	E	1493438400000
2677	1825	E	1493524800000
2678	1825	D	1493611200000
2679	1826	D	1493697600000
2680	1827	D	1493784000000
2681	1828	D	1493870400000
2682	1829	D	1493956800000
2683	1830	E	1494043200000
2684	1830	E	1494129600000
2685	1830	D	1494216000000
2686	1831	D	1494302400000
2687	1832	D	1494388800000
2688	1833	D	1494475200000
2689	1834	D	1494561600000
2690	1835	E	1494648000000
2691	1835	E	1494734400000
2692	1835	D	1494820800000
2693	1836	D	1494907200000
2694	1837	D	1494993600000
2695	1838	D	1495080000000
2696	1839	D	1495166400000
2697	1840	E	1495252800000
2698	1840	E	1495339200000
2699	1840	H	1495425600000
2700	1840	D	1495512000000
2701	1841	D	1495598400000
2702	1842	D	1495684800000
2703	1843	D	1495771200000
2704	1844	E	1495857600000
2705	1844	E	1495944000000
2706	1844	D	1496030400000
2707	1845	D	1496116800000
2708	1846	D	1496203200000
2709	1847	D	1496289600000
2710	1848	D	1496376000000
2711	1849	E	1496462400000
2712	1849	E	1496548800000
2713	1849	D	1496635200000
2714	1850	D	1496721600000
2715	1851	D	1496808000000
2716	1852	D	1496894400000
2717	1853	D	1496980800000
2718	1854	E	1497067200000
2719	1854	E	1497153600000
2720	1854	D	1497240000000
2721	1855	D	1497326400000
2722	1856	D	1497412800000
2723	1857	D	1497499200000
2724	1858	D	1497585600000
2725	1859	E	1497672000000
2726	1859	E	1497758400000
2727	1859	D	1497844800000
2728	1860	D	1497931200000
2729	1861	D	1498017600000
2730	1862	D	1498104000000
2731	1863	D	1498190400000
2732	1864	E	1498276800000
2733	1864	E	1498363200000
2734	1864	D	1498449600000
2735	1865	D	1498536000000
2736	1866	D	1498622400000
2737	1867	D	1498708800000
2738	1868	D	1498795200000
2739	1869	E	1498881600000
2740	1869	E	1498968000000
2741	1869	H	1499054400000
2742	1869	D	1499140800000
2743	1870	D	1499227200000
2744	1871	D	1499313600000
2745	1872	D	1499400000000
2746	1873	E	1499486400000
2747	1873	E	1499572800000
2748	1873	D	1499659200000
2749	1874	D	1499745600000
2750	1875	D	1499832000000
2751	1876	D	1499918400000
2752	1877	D	1500004800000
2753	1878	E	1500091200000
2754	1878	E	1500177600000
2755	1878	D	1500264000000
2756	1879	D	1500350400000
2757	1880	D	1500436800000
2758	1881	D	1500523200000
2759	1882	D	1500609600000
2760	1883	E	1500696000000
2761	1883	E	1500782400000
2762	1883	D	1500868800000
2763	1884	D	1500955200000
2764	1885	D	1501041600000
2765	1886	D	1501128000000
2766	1887	D	1501214400000
2767	1888	E	1501300800000
2768	1888	E	1501387200000
2769	1888	D	1501473600000
2770	1889	D	1501560000000
2771	1890	D	1501646400000
2772	1891	D	1501732800000
2773	1892	D	1501819200000
2774	1893	E	1501905600000
2775	1893	E	1501992000000
2776	1893	H	1502078400000
2777	1893	D	1502164800000
2778	1894	D	1502251200000
2779	1895	D	1502337600000
2780	1896	D	1502424000000
2781	1897	E	1502510400000
2782	1897	E	1502596800000
2783	1897	D	1502683200000
2784	1898	D	1502769600000
2785	1899	D	1502856000000
2786	1900	D	1502942400000
2787	1901	D	1503028800000
2788	1902	E	1503115200000
2789	1902	E	1503201600000
2790	1902	D	1503288000000
2791	1903	D	1503374400000
2792	1904	D	1503460800000
2793	1905	D	1503547200000
2794	1906	D	1503633600000
2795	1907	E	1503720000000
2796	1907	E	1503806400000
2797	1907	D	1503892800000
2798	1908	D	1503979200000
2799	1909	D	1504065600000
2800	1910	D	1504152000000
2801	1911	D	1504238400000
2802	1912	E	1504324800000
2803	1912	E	1504411200000
2804	1912	H	1504497600000
2805	1912	D	1504584000000
2806	1913	D	1504670400000
2807	1914	D	1504756800000
2808	1915	D	1504843200000
2809	1916	E	1504929600000
2810	1916	E	1505016000000
2811	1916	D	1505102400000
2812	1917	D	1505188800000
2813	1918	D	1505275200000
2814	1919	D	1505361600000
2815	1920	D	1505448000000
2816	1921	E	1505534400000
2817	1921	E	1505620800000
2818	1921	D	1505707200000
2819	1922	D	1505793600000
2820	1923	D	1505880000000
2821	1924	D	1505966400000
2822	1925	D	1506052800000
2823	1926	E	1506139200000
2824	1926	E	1506225600000
2825	1926	D	1506312000000
2826	1927	D	1506398400000
2827	1928	D	1506484800000
2828	1929	D	1506571200000
2829	1930	D	1506657600000
2830	1931	E	1506744000000
2831	1931	E	1506830400000
2832	1931	D	1506916800000
2833	1932	D	1507003200000
2834	1933	D	1507089600000
2835	1934	D	1507176000000
2836	1935	D	1507262400000
2837	1936	E	1507348800000
2838	1936	E	1507435200000
2839	1936	H	1507521600000
2840	1936	D	1507608000000
2841	1937	D	1507694400000
2842	1938	D	1507780800000
2843	1939	D	1507867200000
2844	1940	E	1507953600000
2845	1940	E	1508040000000
2846	1940	D	1508126400000
2847	1941	D	1508212800000
2848	1942	D	1508299200000
2849	1943	D	1508385600000
2850	1944	D	1508472000000
2851	1945	E	1508558400000
2852	1945	E	1508644800000
2853	1945	D	1508731200000
2854	1946	D	1508817600000
2855	1947	D	1508904000000
2856	1948	D	1508990400000
2857	1949	D	1509076800000
2858	1950	E	1509163200000
2859	1950	E	1509249600000
2860	1950	D	1509336000000
2861	1951	D	1509422400000
2862	1952	D	1509508800000
2863	1953	D	1509595200000
2864	1954	D	1509681600000
2865	1955	E	1509768000000
2866	1955	E	1509854400000
2867	1955	D	1509944400000
2868	1956	D	1510030800000
2869	1957	D	1510117200000
2870	1958	D	1510203600000
2871	1959	D	1510290000000
2872	1960	E	1510376400000
2873	1960	E	1510462800000
2874	1960	D	1510549200000
2875	1961	D	1510635600000
2876	1962	D	1510722000000
2877	1963	D	1510808400000
2878	1964	D	1510894800000
2879	1965	E	1510981200000
2880	1965	E	1511067600000
2881	1965	D	1511154000000
2882	1966	D	1511240400000
2883	1967	D	1511326800000
2884	1968	D	1511413200000
2885	1969	D	1511499600000
2886	1970	E	1511586000000
2887	1970	E	1511672400000
2888	1970	D	1511758800000
2889	1971	D	1511845200000
2890	1972	D	1511931600000
2891	1973	D	1512018000000
2892	1974	D	1512104400000
2893	1975	E	1512190800000
2894	1975	E	1512277200000
2895	1975	D	1512363600000
2896	1976	D	1512450000000
2897	1977	D	1512536400000
2898	1978	D	1512622800000
2899	1979	D	1512709200000
2900	1980	E	1512795600000
2901	1980	E	1512882000000
2902	1980	D	1512968400000
2903	1981	D	1513054800000
2904	1982	D	1513141200000
2905	1983	D	1513227600000
2906	1984	D	1513314000000
2907	1985	E	1513400400000
2908	1985	E	1513486800000
2909	1985	D	1513573200000
2910	1986	D	1513659600000
2911	1987	D	1513746000000
2912	1988	D	1513832400000
2913	1989	D	1513918800000
2914	1990	E	1514005200000
2915	1990	E	1514091600000
2916	1990	H	1514178000000
2917	1990	H	1514264400000
2918	1990	D	1514350800000
2919	1991	D	1514437200000
2920	1992	D	1514523600000
2921	1993	E	1514610000000
2922	1993	E	1514696400000
2923	1993	H	1514782800000
2924	1993	D	1514869200000
2925	1994	D	1514955600000
2926	1995	D	1515042000000
2927	1996	D	1515128400000
2928	1997	E	1515214800000
2929	1997	E	1515301200000
2930	1997	D	1515387600000
2931	1998	D	1515474000000
2932	1999	D	1515560400000
2933	2000	D	1515646800000
2934	2001	D	1515733200000
2935	2002	E	1515819600000
2936	2002	E	1515906000000
2937	2002	D	1515992400000
2938	2003	D	1516078800000
2939	2004	D	1516165200000
2940	2005	D	1516251600000
2941	2006	D	1516338000000
2942	2007	E	1516424400000
2943	2007	E	1516510800000
2944	2007	D	1516597200000
2945	2008	D	1516683600000
2946	2009	D	1516770000000
2947	2010	D	1516856400000
2948	2011	D	1516942800000
2949	2012	E	1517029200000
2950	2012	E	1517115600000
2951	2012	D	1517202000000
2952	2013	D	1517288400000
2953	2014	D	1517374800000
2954	2015	D	1517461200000
2955	2016	D	1517547600000
2956	2017	E	1517634000000
2957	2017	E	1517720400000
2958	2017	D	1517806800000
2959	2018	D	1517893200000
2960	2019	D	1517979600000
2961	2020	D	1518066000000
2962	2021	D	1518152400000
2963	2022	E	1518238800000
2964	2022	E	1518325200000
2965	2022	D	1518411600000
2966	2023	D	1518498000000
2967	2024	D	1518584400000
2968	2025	D	1518670800000
2969	2026	D	1518757200000
2970	2027	E	1518843600000
2971	2027	E	1518930000000
2972	2027	H	1519016400000
2973	2027	D	1519102800000
2974	2028	D	1519189200000
2975	2029	D	1519275600000
2976	2030	D	1519362000000
2977	2031	E	1519448400000
2978	2031	E	1519534800000
2979	2031	D	1519621200000
2980	2032	D	1519707600000
2981	2033	D	1519794000000
2982	2034	D	1519880400000
2983	2035	D	1519966800000
2984	2036	E	1520053200000
2985	2036	E	1520139600000
2986	2036	D	1520226000000
2987	2037	D	1520312400000
2988	2038	D	1520398800000
2989	2039	D	1520485200000
2990	2040	D	1520571600000
2991	2041	E	1520658000000
2992	2041	E	1520744400000
2993	2041	D	1520827200000
2994	2042	D	1520913600000
2995	2043	D	1521000000000
2996	2044	D	1521086400000
2997	2045	D	1521172800000
2998	2046	E	1521259200000
2999	2046	E	1521345600000
3000	2046	D	1521432000000
3001	2047	D	1521518400000
3002	2048	D	1521604800000
3003	2049	D	1521691200000
3004	2050	D	1521777600000
3005	2051	E	1521864000000
3006	2051	E	1521950400000
3007	2051	D	1522036800000
3008	2052	D	1522123200000
3009	2053	D	1522209600000
3010	2054	D	1522296000000
3011	2055	H	1522382400000
3012	2055	E	1522468800000
3013	2055	E	1522555200000
3014	2055	H	1522641600000
3015	2055	D	1522728000000
3016	2056	D	1522814400000
3017	2057	D	1522900800000
3018	2058	D	1522987200000
3019	2059	E	1523073600000
3020	2059	E	1523160000000
3021	2059	D	1523246400000
3022	2060	D	1523332800000
3023	2061	D	1523419200000
3024	2062	D	1523505600000
3025	2063	D	1523592000000
3026	2064	E	1523678400000
3027	2064	E	1523764800000
3028	2064	D	1523851200000
3029	2065	D	1523937600000
3030	2066	D	1524024000000
3031	2067	D	1524110400000
3032	2068	D	1524196800000
3033	2069	E	1524283200000
3034	2069	E	1524369600000
3035	2069	D	1524456000000
3036	2070	D	1524542400000
3037	2071	D	1524628800000
3038	2072	D	1524715200000
3039	2073	D	1524801600000
3040	2074	E	1524888000000
3041	2074	E	1524974400000
3042	2074	D	1525060800000
3043	2075	D	1525147200000
3044	2076	D	1525233600000
3045	2077	D	1525320000000
3046	2078	D	1525406400000
3047	2079	E	1525492800000
3048	2079	E	1525579200000
3049	2079	D	1525665600000
3050	2080	D	1525752000000
3051	2081	D	1525838400000
3052	2082	D	1525924800000
3053	2083	D	1526011200000
3054	2084	E	1526097600000
3055	2084	E	1526184000000
3056	2084	D	1526270400000
3057	2085	D	1526356800000
3058	2086	D	1526443200000
3059	2087	D	1526529600000
3060	2088	D	1526616000000
3061	2089	E	1526702400000
3062	2089	E	1526788800000
3063	2089	H	1526875200000
3064	2089	D	1526961600000
3065	2090	D	1527048000000
3066	2091	D	1527134400000
3067	2092	D	1527220800000
3068	2093	E	1527307200000
3069	2093	E	1527393600000
3070	2093	D	1527480000000
3071	2094	D	1527566400000
3072	2095	D	1527652800000
3073	2096	D	1527739200000
3074	2097	D	1527825600000
3075	2098	E	1527912000000
3076	2098	E	1527998400000
3077	2098	D	1528084800000
3078	2099	D	1528171200000
3079	2100	D	1528257600000
3080	2101	D	1528344000000
3081	2102	D	1528430400000
3082	2103	E	1528516800000
3083	2103	E	1528603200000
3084	2103	D	1528689600000
3085	2104	D	1528776000000
3086	2105	D	1528862400000
3087	2106	D	1528948800000
3088	2107	D	1529035200000
3089	2108	E	1529121600000
3090	2108	E	1529208000000
3091	2108	D	1529294400000
3092	2109	D	1529380800000
3093	2110	D	1529467200000
3094	2111	D	1529553600000
3095	2112	D	1529640000000
3096	2113	E	1529726400000
3097	2113	E	1529812800000
3098	2113	D	1529899200000
3099	2114	D	1529985600000
3100	2115	D	1530072000000
3101	2116	D	1530158400000
3102	2117	D	1530244800000
3103	2118	E	1530331200000
3104	2118	E	1530417600000
3105	2118	H	1530504000000
3106	2118	D	1530590400000
3107	2119	D	1530676800000
3108	2120	D	1530763200000
3109	2121	D	1530849600000
3110	2122	E	1530936000000
3111	2122	E	1531022400000
3112	2122	D	1531108800000
3113	2123	D	1531195200000
3114	2124	D	1531281600000
3115	2125	D	1531368000000
3116	2126	D	1531454400000
3117	2127	E	1531540800000
3118	2127	E	1531627200000
3119	2127	D	1531713600000
3120	2128	D	1531800000000
3121	2129	D	1531886400000
3122	2130	D	1531972800000
3123	2131	D	1532059200000
3124	2132	E	1532145600000
3125	2132	E	1532232000000
3126	2132	D	1532318400000
3127	2133	D	1532404800000
3128	2134	D	1532491200000
3129	2135	D	1532577600000
3130	2136	D	1532664000000
3131	2137	E	1532750400000
3132	2137	E	1532836800000
3133	2137	D	1532923200000
3134	2138	D	1533009600000
3135	2139	D	1533096000000
3136	2140	D	1533182400000
3137	2141	D	1533268800000
3138	2142	E	1533355200000
3139	2142	E	1533441600000
3140	2142	H	1533528000000
3141	2142	D	1533614400000
3142	2143	D	1533700800000
3143	2144	D	1533787200000
3144	2145	D	1533873600000
3145	2146	E	1533960000000
3146	2146	E	1534046400000
3147	2146	D	1534132800000
3148	2147	D	1534219200000
3149	2148	D	1534305600000
3150	2149	D	1534392000000
3151	2150	D	1534478400000
3152	2151	E	1534564800000
3153	2151	E	1534651200000
3154	2151	D	1534737600000
3155	2152	D	1534824000000
3156	2153	D	1534910400000
3157	2154	D	1534996800000
3158	2155	D	1535083200000
3159	2156	E	1535169600000
3160	2156	E	1535256000000
3161	2156	D	1535342400000
3162	2157	D	1535428800000
3163	2158	D	1535515200000
3164	2159	D	1535601600000
3165	2160	D	1535688000000
3166	2161	E	1535774400000
3167	2161	E	1535860800000
3168	2161	H	1535947200000
3169	2161	D	1536033600000
3170	2162	D	1536120000000
3171	2163	D	1536206400000
3172	2164	D	1536292800000
3173	2165	E	1536379200000
3174	2165	E	1536465600000
3175	2165	D	1536552000000
3176	2166	D	1536638400000
3177	2167	D	1536724800000
3178	2168	D	1536811200000
3179	2169	D	1536897600000
3180	2170	E	1536984000000
3181	2170	E	1537070400000
3182	2170	D	1537156800000
3183	2171	D	1537243200000
3184	2172	D	1537329600000
3185	2173	D	1537416000000
3186	2174	D	1537502400000
3187	2175	E	1537588800000
3188	2175	E	1537675200000
3189	2175	D	1537761600000
3190	2176	D	1537848000000
3191	2177	D	1537934400000
3192	2178	D	1538020800000
3193	2179	D	1538107200000
3194	2180	E	1538193600000
3195	2180	E	1538280000000
3196	2180	D	1538366400000
3197	2181	D	1538452800000
3198	2182	D	1538539200000
3199	2183	D	1538625600000
3200	2184	D	1538712000000
3201	2185	E	1538798400000
3202	2185	E	1538884800000
3203	2185	H	1538971200000
3204	2185	D	1539057600000
3205	2186	D	1539144000000
3206	2187	D	1539230400000
3207	2188	D	1539316800000
3208	2189	E	1539403200000
3209	2189	E	1539489600000
3210	2189	D	1539576000000
3211	2190	D	1539662400000
3212	2191	D	1539748800000
3213	2192	D	1539835200000
3214	2193	D	1539921600000
3215	2194	E	1540008000000
3216	2194	E	1540094400000
3217	2194	D	1540180800000
3218	2195	D	1540267200000
3219	2196	D	1540353600000
3220	2197	D	1540440000000
3221	2198	D	1540526400000
3222	2199	E	1540612800000
3223	2199	E	1540699200000
3224	2199	D	1540785600000
3225	2200	D	1540872000000
3226	2201	D	1540958400000
3227	2202	D	1541044800000
3228	2203	D	1541131200000
3229	2204	E	1541217600000
3230	2204	E	1541304000000
3231	2204	D	1541394000000
3232	2205	D	1541480400000
3233	2206	D	1541566800000
3234	2207	D	1541653200000
3235	2208	D	1541739600000
3236	2209	E	1541826000000
3237	2209	E	1541912400000
3238	2209	D	1541998800000
3239	2210	D	1542085200000
3240	2211	D	1542171600000
3241	2212	D	1542258000000
3242	2213	D	1542344400000
3243	2214	E	1542430800000
3244	2214	E	1542517200000
3245	2214	D	1542603600000
3246	2215	D	1542690000000
3247	2216	D	1542776400000
3248	2217	D	1542862800000
3249	2218	D	1542949200000
3250	2219	E	1543035600000
3251	2219	E	1543122000000
3252	2219	D	1543208400000
3253	2220	D	1543294800000
3254	2221	D	1543381200000
3255	2222	D	1543467600000
3256	2223	D	1543554000000
3257	2224	E	1543640400000
3258	2224	E	1543726800000
3259	2224	D	1543813200000
3260	2225	D	1543899600000
3261	2226	D	1543986000000
3262	2227	D	1544072400000
3263	2228	D	1544158800000
3264	2229	E	1544245200000
3265	2229	E	1544331600000
3266	2229	D	1544418000000
3267	2230	D	1544504400000
3268	2231	D	1544590800000
3269	2232	D	1544677200000
3270	2233	D	1544763600000
3271	2234	E	1544850000000
3272	2234	E	1544936400000
3273	2234	D	1545022800000
3274	2235	D	1545109200000
3275	2236	D	1545195600000
3276	2237	D	1545282000000
3277	2238	D	1545368400000
3278	2239	E	1545454800000
3279	2239	E	1545541200000
3280	2239	D	1545627600000
3281	2240	H	1545714000000
3282	2240	H	1545800400000
3283	2240	D	1545886800000
3284	2241	D	1545973200000
3285	2242	E	1546059600000
3286	2242	E	1546146000000
3287	2242	D	1546232400000
3288	2243	H	1546318800000
3289	2243	D	1546405200000
3290	2244	D	1546491600000
3291	2245	D	1546578000000
3292	2246	E	1546664400000
3293	2246	E	1546750800000
3294	2246	D	1546837200000
3295	2247	D	1546923600000
3296	2248	D	1547010000000
3297	2249	D	1547096400000
3298	2250	D	1547182800000
3299	2251	E	1547269200000
3300	2251	E	1547355600000
3301	2251	D	1547442000000
3302	2252	D	1547528400000
3303	2253	D	1547614800000
3304	2254	D	1547701200000
3305	2255	D	1547787600000
3306	2256	E	1547874000000
3307	2256	E	1547960400000
3308	2256	D	1548046800000
3309	2257	D	1548133200000
3310	2258	D	1548219600000
3311	2259	D	1548306000000
3312	2260	D	1548392400000
3313	2261	E	1548478800000
3314	2261	E	1548565200000
3315	2261	D	1548651600000
3316	2262	D	1548738000000
3317	2263	D	1548824400000
3318	2264	D	1548910800000
3319	2265	D	1548997200000
3320	2266	E	1549083600000
3321	2266	E	1549170000000
3322	2266	D	1549256400000
3323	2267	D	1549342800000
3324	2268	D	1549429200000
3325	2269	D	1549515600000
3326	2270	D	1549602000000
3327	2271	E	1549688400000
3328	2271	E	1549774800000
3329	2271	D	1549861200000
3330	2272	D	1549947600000
3331	2273	D	1550034000000
3332	2274	D	1550120400000
3333	2275	D	1550206800000
3334	2276	E	1550293200000
3335	2276	E	1550379600000
3336	2276	H	1550466000000
3337	2276	D	1550552400000
3338	2277	D	1550638800000
3339	2278	D	1550725200000
3340	2279	D	1550811600000
3341	2280	E	1550898000000
3342	2280	E	1550984400000
3343	2280	D	1551070800000
3344	2281	D	1551157200000
3345	2282	D	1551243600000
3346	2283	D	1551330000000
3347	2284	D	1551416400000
3348	2285	E	1551502800000
3349	2285	E	1551589200000
3350	2285	D	1551675600000
3351	2286	D	1551762000000
3352	2287	D	1551848400000
3353	2288	D	1551934800000
3354	2289	D	1552021200000
3355	2290	E	1552107600000
3356	2290	E	1552194000000
3357	2290	D	1552276800000
3358	2291	D	1552363200000
3359	2292	D	1552449600000
3360	2293	D	1552536000000
3361	2294	D	1552622400000
3362	2295	E	1552708800000
3363	2295	E	1552795200000
3364	2295	D	1552881600000
3365	2296	D	1552968000000
3366	2297	D	1553054400000
3367	2298	D	1553140800000
3368	2299	D	1553227200000
3369	2300	E	1553313600000
3370	2300	E	1553400000000
3371	2300	D	1553486400000
3372	2301	D	1553572800000
3373	2302	D	1553659200000
3374	2303	D	1553745600000
3375	2304	D	1553832000000
3376	2305	E	1553918400000
3377	2305	E	1554004800000
3378	2305	D	1554091200000
3379	2306	D	1554177600000
3380	2307	D	1554264000000
3381	2308	D	1554350400000
3382	2309	D	1554436800000
3383	2310	E	1554523200000
3384	2310	E	1554609600000
3385	2310	D	1554696000000
3386	2311	D	1554782400000
3387	2312	D	1554868800000
3388	2313	D	1554955200000
3389	2314	D	1555041600000
3390	2315	E	1555128000000
3391	2315	E	1555214400000
3392	2315	D	1555300800000
3393	2316	D	1555387200000
3394	2317	D	1555473600000
3395	2318	D	1555560000000
3396	2319	H	1555646400000
3397	2319	E	1555732800000
3398	2319	E	1555819200000
3399	2319	H	1555905600000
3400	2319	D	1555992000000
3401	2320	D	1556078400000
3402	2321	D	1556164800000
3403	2322	D	1556251200000
3404	2323	E	1556337600000
3405	2323	E	1556424000000
3406	2323	D	1556510400000
3407	2324	D	1556596800000
3408	2325	D	1556683200000
3409	2326	D	1556769600000
3410	2327	D	1556856000000
3411	2328	E	1556942400000
3412	2328	E	1557028800000
3413	2328	D	1557115200000
3414	2329	D	1557201600000
3415	2330	D	1557288000000
3416	2331	D	1557374400000
3417	2332	D	1557460800000
3418	2333	E	1557547200000
3419	2333	E	1557633600000
3420	2333	D	1557720000000
3421	2334	D	1557806400000
3422	2335	D	1557892800000
3423	2336	D	1557979200000
3424	2337	D	1558065600000
3425	2338	E	1558152000000
3426	2338	E	1558238400000
3427	2338	H	1558324800000
3428	2338	D	1558411200000
3429	2339	D	1558497600000
3430	2340	D	1558584000000
3431	2341	D	1558670400000
3432	2342	E	1558756800000
3433	2342	E	1558843200000
3434	2342	D	1558929600000
3435	2343	D	1559016000000
3436	2344	D	1559102400000
3437	2345	D	1559188800000
3438	2346	D	1559275200000
3439	2347	E	1559361600000
3440	2347	E	1559448000000
3441	2347	D	1559534400000
3442	2348	D	1559620800000
3443	2349	D	1559707200000
3444	2350	D	1559793600000
3445	2351	D	1559880000000
3446	2352	E	1559966400000
3447	2352	E	1560052800000
3448	2352	D	1560139200000
3449	2353	D	1560225600000
3450	2354	D	1560312000000
3451	2355	D	1560398400000
3452	2356	D	1560484800000
3453	2357	E	1560571200000
3454	2357	E	1560657600000
3455	2357	D	1560744000000
3456	2358	D	1560830400000
3457	2359	D	1560916800000
3458	2360	D	1561003200000
3459	2361	D	1561089600000
3460	2362	E	1561176000000
3461	2362	E	1561262400000
3462	2362	D	1561348800000
3463	2363	D	1561435200000
3464	2364	D	1561521600000
3465	2365	D	1561608000000
3466	2366	D	1561694400000
3467	2367	E	1561780800000
3468	2367	E	1561867200000
3469	2367	H	1561953600000
3470	2367	D	1562040000000
3471	2368	D	1562126400000
3472	2369	D	1562212800000
3473	2370	D	1562299200000
3474	2371	E	1562385600000
3475	2371	E	1562472000000
3476	2371	D	1562558400000
3477	2372	D	1562644800000
3478	2373	D	1562731200000
3479	2374	D	1562817600000
3480	2375	D	1562904000000
3481	2376	E	1562990400000
3482	2376	E	1563076800000
3483	2376	D	1563163200000
3484	2377	D	1563249600000
3485	2378	D	1563336000000
3486	2379	D	1563422400000
3487	2380	D	1563508800000
3488	2381	E	1563595200000
3489	2381	E	1563681600000
3490	2381	D	1563768000000
3491	2382	D	1563854400000
3492	2383	D	1563940800000
3493	2384	D	1564027200000
3494	2385	D	1564113600000
3495	2386	E	1564200000000
3496	2386	E	1564286400000
3497	2386	D	1564372800000
3498	2387	D	1564459200000
3499	2388	D	1564545600000
3500	2389	D	1564632000000
3501	2390	D	1564718400000
3502	2391	E	1564804800000
3503	2391	E	1564891200000
3504	2391	H	1564977600000
3505	2391	D	1565064000000
3506	2392	D	1565150400000
3507	2393	D	1565236800000
3508	2394	D	1565323200000
3509	2395	E	1565409600000
3510	2395	E	1565496000000
3511	2395	D	1565582400000
3512	2396	D	1565668800000
3513	2397	D	1565755200000
3514	2398	D	1565841600000
3515	2399	D	1565928000000
3516	2400	E	1566014400000
3517	2400	E	1566100800000
3518	2400	D	1566187200000
3519	2401	D	1566273600000
3520	2402	D	1566360000000
3521	2403	D	1566446400000
3522	2404	D	1566532800000
3523	2405	E	1566619200000
3524	2405	E	1566705600000
3525	2405	D	1566792000000
3526	2406	D	1566878400000
3527	2407	D	1566964800000
3528	2408	D	1567051200000
3529	2409	D	1567137600000
3530	2410	E	1567224000000
3531	2410	E	1567310400000
3532	2410	H	1567396800000
3533	2410	D	1567483200000
3534	2411	D	1567569600000
3535	2412	D	1567656000000
3536	2413	D	1567742400000
3537	2414	E	1567828800000
3538	2414	E	1567915200000
3539	2414	D	1568001600000
3540	2415	D	1568088000000
3541	2416	D	1568174400000
3542	2417	D	1568260800000
3543	2418	D	1568347200000
3544	2419	E	1568433600000
3545	2419	E	1568520000000
3546	2419	D	1568606400000
3547	2420	D	1568692800000
3548	2421	D	1568779200000
3549	2422	D	1568865600000
3550	2423	D	1568952000000
3551	2424	E	1569038400000
3552	2424	E	1569124800000
3553	2424	D	1569211200000
3554	2425	D	1569297600000
3555	2426	D	1569384000000
3556	2427	D	1569470400000
3557	2428	D	1569556800000
3558	2429	E	1569643200000
3559	2429	E	1569729600000
3560	2429	D	1569816000000
3561	2430	D	1569902400000
3562	2431	D	1569988800000
3563	2432	D	1570075200000
3564	2433	D	1570161600000
3565	2434	E	1570248000000
3566	2434	E	1570334400000
3567	2434	D	1570420800000
3568	2435	D	1570507200000
3569	2436	D	1570593600000
3570	2437	D	1570680000000
3571	2438	D	1570766400000
3572	2439	E	1570852800000
3573	2439	E	1570939200000
3574	2439	H	1571025600000
3575	2439	D	1571112000000
3576	2440	D	1571198400000
3577	2441	D	1571284800000
3578	2442	D	1571371200000
3579	2443	E	1571457600000
3580	2443	E	1571544000000
3581	2443	D	1571630400000
3582	2444	D	1571716800000
3583	2445	D	1571803200000
3584	2446	D	1571889600000
3585	2447	D	1571976000000
3586	2448	E	1572062400000
3587	2448	E	1572148800000
3588	2448	D	1572235200000
3589	2449	D	1572321600000
3590	2450	D	1572408000000
3591	2451	D	1572494400000
3592	2452	D	1572580800000
3593	2453	E	1572667200000
3594	2453	E	1572753600000
3595	2453	D	1572843600000
3596	2454	D	1572930000000
3597	2455	D	1573016400000
3598	2456	D	1573102800000
3599	2457	D	1573189200000
3600	2458	E	1573275600000
3601	2458	E	1573362000000
3602	2458	H	1573448400000
3603	2458	D	1573534800000
3604	2459	D	1573621200000
3605	2460	D	1573707600000
3606	2461	D	1573794000000
3607	2462	E	1573880400000
3608	2462	E	1573966800000
3609	2462	D	1574053200000
3610	2463	D	1574139600000
3611	2464	D	1574226000000
3612	2465	D	1574312400000
3613	2466	D	1574398800000
3614	2467	E	1574485200000
3615	2467	E	1574571600000
3616	2467	D	1574658000000
3617	2468	D	1574744400000
3618	2469	D	1574830800000
3619	2470	D	1574917200000
3620	2471	D	1575003600000
3621	2472	E	1575090000000
3622	2472	E	1575176400000
3623	2472	D	1575262800000
3624	2473	D	1575349200000
3625	2474	D	1575435600000
3626	2475	D	1575522000000
3627	2476	D	1575608400000
3628	2477	E	1575694800000
3629	2477	E	1575781200000
3630	2477	D	1575867600000
3631	2478	D	1575954000000
3632	2479	D	1576040400000
3633	2480	D	1576126800000
3634	2481	D	1576213200000
3635	2482	E	1576299600000
3636	2482	E	1576386000000
3637	2482	D	1576472400000
3638	2483	D	1576558800000
3639	2484	D	1576645200000
3640	2485	D	1576731600000
3641	2486	D	1576818000000
3642	2487	E	1576904400000
3643	2487	E	1576990800000
3644	2487	D	1577077200000
3645	2488	D	1577163600000
3646	2489	H	1577250000000
3647	2489	H	1577336400000
3648	2489	D	1577422800000
3649	2490	E	1577509200000
3650	2490	E	1577595600000
3651	2490	D	1577682000000
3652	2491	D	1577768400000
3653	2492	H	1577854800000
3654	2492	D	1577941200000
3655	2493	D	1578027600000
3656	2494	E	1578114000000
3657	2494	E	1578200400000
3658	2494	D	1578286800000
3659	2495	D	1578373200000
3660	2496	D	1578459600000
3661	2497	D	1578546000000
3662	2498	D	1578632400000
3663	2499	E	1578718800000
3664	2499	E	1578805200000
3665	2499	D	1578891600000
3666	2500	D	1578978000000
3667	2501	D	1579064400000
3668	2502	D	1579150800000
3669	2503	D	1579237200000
3670	2504	E	1579323600000
3671	2504	E	1579410000000
3672	2504	D	1579496400000
3673	2505	D	1579582800000
3674	2506	D	1579669200000
3675	2507	D	1579755600000
3676	2508	D	1579842000000
3677	2509	E	1579928400000
3678	2509	E	1580014800000
3679	2509	D	1580101200000
3680	2510	D	1580187600000
3681	2511	D	1580274000000
3682	2512	D	1580360400000
3683	2513	D	1580446800000
3684	2514	E	1580533200000
3685	2514	E	1580619600000
3686	2514	D	1580706000000
3687	2515	D	1580792400000
3688	2516	D	1580878800000
3689	2517	D	1580965200000
3690	2518	D	1581051600000
3691	2519	E	1581138000000
3692	2519	E	1581224400000
3693	2519	D	1581310800000
3694	2520	D	1581397200000
3695	2521	D	1581483600000
3696	2522	D	1581570000000
3697	2523	D	1581656400000
3698	2524	E	1581742800000
3699	2524	E	1581829200000
3700	2524	H	1581915600000
3701	2524	D	1582002000000
3702	2525	D	1582088400000
3703	2526	D	1582174800000
3704	2527	D	1582261200000
3705	2528	E	1582347600000
3706	2528	E	1582434000000
3707	2528	D	1582520400000
3708	2529	D	1582606800000
3709	2530	D	1582693200000
3710	2531	D	1582779600000
3711	2532	D	1582866000000
3712	2533	E	1582952400000
3713	2533	E	1583038800000
3714	2533	D	1583125200000
3715	2534	D	1583211600000
3716	2535	D	1583298000000
3717	2536	D	1583384400000
3718	2537	D	1583470800000
3719	2538	E	1583557200000
3720	2538	E	1583643600000
3721	2538	D	1583726400000
3722	2539	D	1583812800000
3723	2540	D	1583899200000
3724	2541	D	1583985600000
3725	2542	D	1584072000000
3726	2543	E	1584158400000
3727	2543	E	1584244800000
3728	2543	D	1584331200000
3729	2544	D	1584417600000
3730	2545	D	1584504000000
3731	2546	D	1584590400000
3732	2547	D	1584676800000
3733	2548	E	1584763200000
3734	2548	E	1584849600000
3735	2548	D	1584936000000
3736	2549	D	1585022400000
3737	2550	D	1585108800000
3738	2551	D	1585195200000
3739	2552	D	1585281600000
3740	2553	E	1585368000000
3741	2553	E	1585454400000
3742	2553	D	1585540800000
3743	2554	D	1585627200000
3744	2555	D	1585713600000
3745	2556	D	1585800000000
3746	2557	D	1585886400000
3747	2558	E	1585972800000
3748	2558	E	1586059200000
3749	2558	D	1586145600000
3750	2559	D	1586232000000
3751	2560	D	1586318400000
3752	2561	D	1586404800000
3753	2562	H	1586491200000
3754	2562	E	1586577600000
3755	2562	E	1586664000000
3756	2562	H	1586750400000
3757	2562	D	1586836800000
3758	2563	D	1586923200000
3759	2564	D	1587009600000
3760	2565	D	1587096000000
3761	2566	E	1587182400000
3762	2566	E	1587268800000
3763	2566	D	1587355200000
3764	2567	D	1587441600000
3765	2568	D	1587528000000
3766	2569	D	1587614400000
3767	2570	D	1587700800000
3768	2571	E	1587787200000
3769	2571	E	1587873600000
3770	2571	D	1587960000000
3771	2572	D	1588046400000
3772	2573	D	1588132800000
3773	2574	D	1588219200000
